+3.5219270431018220e-04 +5.5555555555555558e-01 -1.4910524358256921e-05 -1.4910337010211297e-05
+1.5625000000000001e-03 +8.8888888888888884e-01 -6.6148872259835789e-05 -6.6148577366812188e-05
+2.7728072956898181e-03 +5.5555555555555558e-01 -1.1738301232696224e-04 -1.1738299238858146e-04

+3.4771927043101827e-03 +5.5555555555555558e-01 -1.4719810311560378e-04 -1.4719791819025672e-04
+4.6875000000000007e-03 +8.8888888888888884e-01 -1.9842052293936647e-04 -1.9842023056466427e-04
+5.8978072956898187e-03 +5.5555555555555558e-01 -2.4963108593557099e-04 -2.4963106840932535e-04

+6.6021927043101829e-03 +5.5555555555555558e-01 -2.7942893420215657e-04 -2.7942875177079933e-04
+7.8125000000000000e-03 +8.8888888888888884e-01 -3.3061567873019735e-04 -3.3061538898652889e-04
+9.0228072956898206e-03 +5.5555555555555558e-01 -3.8178292200860873e-04 -3.8178290690124681e-04

+9.7271927043101839e-03 +5.5555555555555558e-01 -4.1155204011540235e-04 -4.1155186024836182e-04
+1.0937500000000001e-02 +8.8888888888888884e-01 -4.6268337588332292e-04 -4.6268308888239052e-04
+1.2147807295689820e-02 +5.5555555555555558e-01 -5.1378757349764134e-04 -5.1378756081499094e-04

+1.2852192704310183e-02 +5.5555555555555558e-01 -5.4351648488293130e-04 -5.4351630764955380e-04
+1.4062500000000000e-02 +8.8888888888888884e-01 -5.9457269978746151e-04 -5.9457241563991281e-04
+1.5272807295689817e-02 +5.5555555555555558e-01 -6.4559415009669678e-04 -6.4559413984364457e-04

+1.5977192704310181e-02 +5.5555555555555558e-01 -6.7527139369923171e-04 -6.7527121916784085e-04
+1.7187500000000001e-02 +8.8888888888888884e-01 -7.2623280459762805e-04 -7.2623252341300244e-04
+1.8397807295689822e-02 +5.5555555555555558e-01 -7.7715183786144246e-04 -7.7715183004194806e-04

+1.9102192704310187e-02 +5.5555555555555558e-01 -8.0676597253887558e-04 -8.0676580077676345e-04
+2.0312500000000004e-02 +8.8888888888888884e-01 -8.5761293283713696e-04 -8.5761265472384838e-04
+2.1522807295689818e-02 +5.5555555555555558e-01 -9.0840991879892409e-04 -9.0840991341600299e-04

+2.2227192704310183e-02 +5.5555555555555558e-01 -9.3794952773861148e-04 -9.3794935881199432e-04
+2.3437500000000000e-02 +8.8888888888888884e-01 -9.8866243496563357e-04 -9.8866216003089193e-04
+2.4647807295689821e-02 +5.5555555555555558e-01 -1.0393177904203400e-03 -1.0393177874760658e-03

+2.5352192704310186e-02 +5.5555555555555558e-01 -1.0687714855407225e-03 -1.0687713195147240e-03
+2.6562500000000003e-02 +8.8888888888888884e-01 -1.1193307889054080e-03 -1.1193305172552018e-03
+2.7772807295689816e-02 +5.5555555555555558e-01 -1.1698249852492388e-03 -1.1698249847447381e-03

+2.8477192704310181e-02 +5.5555555555555558e-01 -1.1991814115901681e-03 -1.1991812485287886e-03
+2.9687499999999999e-02 +8.8888888888888884e-01 -1.2495676195186164e-03 -1.2495673512576766e-03
+3.0897807295689819e-02 +5.5555555555555558e-01 -1.2998811902776763e-03 -1.2998811922131516e-03

+3.1602192704310181e-02 +5.5555555555555558e-01 -1.3291290303779741e-03 -1.3291288703440862e-03
+3.2812500000000001e-02 +8.8888888888888884e-01 -1.3793227180278944e-03 -1.3793224532596452e-03
+3.4022807295689822e-02 +5.5555555555555558e-01 -1.4294362663628962e-03 -1.4294362707376030e-03

+3.4727192704310184e-02 +5.5555555555555558e-01 -1.4585642446234501e-03 -1.4585640876787389e-03
+3.5937500000000004e-02 +8.8888888888888884e-01 -1.5085460613727707e-03 -1.5085458001992730e-03
+3.7147807295689825e-02 +5.5555555555555558e-01 -1.5584402675568778e-03 -1.5584402743691157e-03

+3.7852192704310193e-02 +5.5555555555555558e-01 -1.5874371545875900e-03 -1.5874370007925573e-03
+3.9062500000000000e-02 +8.8888888888888884e-01 -1.6371878314945022e-03 -1.6371875740164451e-03
+4.0272807295689814e-02 +5.5555555555555558e-01 -1.6868434603614457e-03 -1.6868434696085952e-03

+4.0977192704310182e-02 +5.5555555555555558e-01 -1.7156980773103795e-03 -1.7156979267243257e-03
+4.2187500000000003e-02 +8.8888888888888884e-01 -1.7651984345418948e-03 -1.7651981808585401e-03
+4.3397807295689823e-02 +5.5555555555555558e-01 -1.8145963429015062e-03 -1.8145963545800042e-03

+4.4102192704310185e-02 +5.5555555555555558e-01 -1.8432975657645620e-03 -1.8432974184455385e-03
+4.5312500000000006e-02 +8.8888888888888884e-01 -1.8925285199906728e-03 -1.8925282701998340e-03
+4.6522807295689819e-02 +5.5555555555555558e-01 -1.9416496640089513e-03 -1.9416496781143047e-03

+4.7227192704310181e-02 +5.5555555555555558e-01 -1.9701864279183540e-03 -1.9701862839231698e-03
+4.8437500000000001e-02 +8.8888888888888884e-01 -2.0191289996690622e-03 -2.0191287538670428e-03
+4.9647807295689822e-02 +5.5555555555555558e-01 -2.0679544422099283e-03 -2.0679544587367009e-03

+5.0352192704310184e-02 +5.5555555555555558e-01 -2.0963157456999823e-03 -2.0963156050841356e-03
+5.1562500000000004e-02 +8.8888888888888884e-01 -2.1449510666822148e-03 -2.1449508249637627e-03
+5.2772807295689825e-02 +5.5555555555555558e-01 -2.1934619846081327e-03 -2.1934620035499409e-03

+5.3477192704310193e-02 +5.5555555555555558e-01 -2.2216368938564510e-03 -2.2216367566741521e-03
+5.4687500000000000e-02 +8.8888888888888884e-01 -2.2699462142281518e-03 -2.2699459766864537e-03
+5.5897807295689814e-02 +5.5555555555555558e-01 -2.3181239056568139e-03 -2.3181239270063515e-03

+5.6602192704310182e-02 +5.5555555555555558e-01 -2.3461015586995430e-03 -2.3461014250036791e-03
+5.7812500000000003e-02 +8.8888888888888884e-01 -2.3940662542981024e-03 -2.3940660210247321e-03
+5.9022807295689823e-02 +5.5555555555555558e-01 -2.4418921458123576e-03 -2.4418921695613972e-03

+5.9727192704310185e-02 +5.5555555555555558e-01 -2.4696617567316818e-03 -2.4696616265737900e-03
+6.0937500000000006e-02 +8.8888888888888884e-01 -2.5172633362538872e-03 -2.5172631073387777e-03
+6.2147807295689819e-02 +5.5555555555555558e-01 -2.5647189900621457e-03 -2.5647190162015354e-03

+6.2852192704310181e-02 +5.5555555555555558e-01 -2.5922698531444313e-03 -2.5922697265746931e-03
+6.4062499999999994e-02 +8.8888888888888884e-01 -2.6394899652752509e-03 -2.6394897408066505e-03
+6.5272807295689822e-02 +5.5555555555555558e-01 -2.6865570863196138e-03 -2.6865571148392687e-03

+6.5977192704310184e-02 +5.5555555555555558e-01 -2.7138785801826769e-03 -2.7138784572498941e-03
+6.7187500000000011e-02 +8.8888888888888884e-01 -2.7606990206699980e-03 -2.7606988007344581e-03
+6.8397807295689825e-02 +5.5555555555555558e-01 -2.8073594636793351e-03 -2.8073594945682788e-03

+6.9102192704310186e-02 +5.5555555555555558e-01 -2.8344410553672187e-03 -2.8344409361187868e-03
+7.0312500000000000e-02 +8.8888888888888884e-01 -2.8808437740399685e-03 -2.8808435587222752e-03
+7.1522807295689828e-02 +5.5555555555555558e-01 -2.9270795505252833e-03 -2.9270795837715987e-03

+7.2227192704310189e-02 +5.5555555555555558e-01 -2.9539107995688700e-03 -2.9539106840507558e-03
+7.3437500000000017e-02 +8.8888888888888884e-01 -2.9998779072957027e-03 -2.9998776966788463e-03
+7.4647807295689830e-02 +5.5555555555555558e-01 -3.0456711924850381e-03 -3.0456712280758705e-03

+7.5352192704310206e-02 +5.5555555555555558e-01 -3.0722417549270608e-03 -3.0722416431837600e-03
+7.6562500000000006e-02 +8.8888888888888884e-01 -3.1177555305129017e-03 -3.1177553246780594e-03
+7.7772807295689805e-02 +5.5555555555555558e-01 -3.1630886702230594e-03 -3.1630887081447135e-03

+7.8477192704310181e-02 +5.5555555555555558e-01 -3.1893883026058944e-03 -3.1893881946805261e-03
+7.9687499999999994e-02 +8.8888888888888884e-01 -3.2344311996238516e-03 -3.2344309986504258e-03
+8.0897807295689822e-02 +5.5555555555555558e-01 -3.2792867170665456e-03 -3.2792867573044259e-03

+8.1602192704310184e-02 +5.5555555555555558e-01 -3.3053052803812817e-03 -3.3053051763154628e-03
+8.2812500000000011e-02 +8.8888888888888884e-01 -3.3498599339371231e-03 -3.3498597379026038e-03
+8.4022807295689825e-02 +5.5555555555555558e-01 -3.3942205364564928e-03 -3.3942205789951152e-03

+8.4727192704310186e-02 +5.5555555555555558e-01 -3.4199480000516799e-03 -3.4199478998855662e-03
+8.5937500000000000e-02 +8.8888888888888884e-01 -3.4639972334783537e-03 -3.4639970424583219e-03
+8.7147807295689828e-02 +5.5555555555555558e-01 -3.5078458192177378e-03 -3.5078458640406614e-03

+8.7852192704310189e-02 +5.5555555555555558e-01 -3.5332722646664481e-03 -3.5332721684385848e-03
+8.9062500000000017e-02 +8.8888888888888884e-01 -3.5767990961459556e-03 -3.5767989102139797e-03
+9.0272807295689830e-02 +5.5555555555555558e-01 -3.6201187606408150e-03 -3.6201188077307211e-03

+9.0977192704310192e-02 +5.5555555555555558e-01 -3.6452343855642739e-03 -3.6452342933117549e-03
+9.2187500000000006e-02 +8.8888888888888884e-01 -3.6882220346744782e-03 -3.6882218539022620e-03
+9.3397807295689819e-02 +5.5555555555555558e-01 -3.7309960773695278e-03 -3.7309961267082861e-03

+9.4102192704310181e-02 +5.5555555555555558e-01 -3.7557911992162456e-03 -3.7557911109746488e-03
+9.5312499999999994e-02 +8.8888888888888884e-01 -3.7982230934001135e-03 -3.7982229178573591e-03
+9.6522807295689822e-02 +5.5555555555555558e-01 -3.8404350240876413e-03 -3.8404350756562513e-03

+9.7227192704310184e-02 +5.5555555555555558e-01 -3.8649000838661333e-03 -3.8648999996695062e-03
+9.8437500000000011e-02 +8.8888888888888884e-01 -3.9067598648207360e-03 -3.9067596945751388e-03
+9.9647807295689825e-02 +5.5555555555555558e-01 -3.9483934099979381e-03 -3.9483934637765230e-03

+1.0035219270431019e-01 +5.5555555555555558e-01 -3.9725189759619618e-03 -3.9725188958427589e-03
+1.0156250000000000e-01 +8.8888888888888884e-01 -4.0137905059449003e-03 -4.0137903410620923e-03
+1.0277280729568983e-01 +5.5555555555555558e-01 -4.0548296150875749e-03 -4.0548296710554042e-03

+1.0347719270431019e-01 +5.5555555555555558e-01 -4.0786063863721923e-03 -4.0786063103613089e-03
+1.0468750000000002e-01 +8.8888888888888884e-01 -4.1192737544230367e-03 -4.1192735949665731e-03
+1.0589780729568983e-01 +5.5555555555555558e-01 -4.1597026061734200e-03 -4.1597026643088808e-03

+1.0660219270431021e-01 +5.5555555555555558e-01 -4.1831214163807031e-03 -4.1831213445073954e-03
+1.0781250000000001e-01 +8.8888888888888884e-01 -4.2231689444549051e-03 -4.2231687904862340e-03
+1.0902280729568983e-01 +5.5555555555555558e-01 -4.2629719527210123e-03 -4.2629720130017076e-03

+1.0972719270431019e-01 +5.5555555555555558e-01 -4.2860237734538183e-03 -4.2860237057458176e-03
+1.1093749999999999e-01 +8.8888888888888884e-01 -4.3254360224669695e-03 -4.3254358740454722e-03
+1.1214780729568982e-01 +5.5555555555555558e-01 -4.3645978424314306e-03 -4.3645979048341403e-03

+1.1285219270431018e-01 +5.5555555555555558e-01 -4.3872737867740519e-03 -4.3872737232574822e-03
+1.1406250000000001e-01 +8.8888888888888884e-01 -4.4260355625539262e-03 -4.4260354197368295e-03
+1.1527280729568982e-01 +5.5555555555555558e-01 -4.4645410965896935e-03 -4.4645411610903397e-03

+1.1597719270431019e-01 +5.5555555555555558e-01 -4.4868324225339441e-03 -4.4868323632332599e-03
+1.1718750000000000e-01 +8.8888888888888884e-01 -4.5249287816781138e-03 -4.5249286445204415e-03
+1.1839780729568983e-01 +5.5555555555555558e-01 -4.5627631851687840e-03 -4.5627632517425106e-03

+1.1910219270431019e-01 +5.5555555555555558e-01 -4.5846612989841511e-03 -4.5846612439222516e-03
+1.2031250000000002e-01 +8.8888888888888884e-01 -4.6220775546209443e-03 -4.6220774231756365e-03
+1.2152280729568983e-01 +5.5555555555555558e-01 -4.6592262416837909e-03 -4.6592263103049673e-03

+1.2222719270431019e-01 +5.5555555555555558e-01 -4.6807227012305667e-03 -4.6807226504286944e-03
+1.2343750000000001e-01 +8.8888888888888884e-01 -4.7174444286812124e-03 -4.7174443029989292e-03
+1.2464780729568982e-01 +5.5555555555555558e-01 -4.7538930777902269e-03 -4.7538931484323735e-03

+1.2535219270431019e-01 +5.5555555555555558e-01 -4.7749795957740745e-03 -4.7749795492517660e-03
+1.2656250000000002e-01 +8.8888888888888884e-01 -4.8109926381135829e-03 -4.8109925182427595e-03
+1.2777280729568985e-01 +5.5555555555555558e-01 -4.8467271976207005e-03 -4.8467272702565648e-03

+1.2847719270431021e-01 +5.5555555555555558e-01 -4.8673956447875160e-03 -4.8673956025627142e-03
+1.2968750000000001e-01 +8.8888888888888884e-01 -4.9026861183025672e-03 -4.9026860042893777e-03
+1.3089780729568984e-01 +5.5555555555555558e-01 -4.9376928118548555e-03 -4.9376928864564018e-03

+1.3160219270431020e-01 +5.5555555555555558e-01 -4.9579352201248013e-03 -4.9579351822137581e-03
+1.3281250000000000e-01 +8.8888888888888884e-01 -4.9924895196660326e-03 -4.9924894115544460e-03
+1.3402280729568983e-01 +5.5555555555555558e-01 -5.0267548515167300e-03 -5.0267549280552260e-03

+1.3472719270431019e-01 +5.5555555555555558e-01 -5.0465634170561019e-03 -5.0465633834734505e-03
+1.3593749999999999e-01 +8.8888888888888884e-01 -5.0803682212832730e-03 -5.0803681191149809e-03
+1.3714780729568984e-01 +5.5555555555555558e-01 -5.1138789814946734e-03 -5.1138790599406349e-03

+1.3785219270431021e-01 +5.5555555555555558e-01 -5.1332460677243593e-03 -5.1332460384830858e-03
+1.3906250000000001e-01 +8.8888888888888884e-01 -5.1662883442419351e-03 -5.1662882480563686e-03
+1.4027280729568981e-01 +5.5555555555555558e-01 -5.1990316137780967e-03 -5.1990316941012919e-03

+1.4097719270431017e-01 +5.5555555555555558e-01 -5.2179497543177258e-03 -5.2179497294290817e-03
+1.4218750000000002e-01 +8.8888888888888884e-01 -5.2502167646991471e-03 -5.2502166745333374e-03
+1.4339780729568985e-01 +5.5555555555555558e-01 -5.2821799204063428e-03 -5.2821800025757851e-03

+1.4410219270431021e-01 +5.5555555555555558e-01 -5.3006418219525868e-03 -5.3006418014261685e-03
+1.4531250000000001e-01 +8.8888888888888884e-01 -5.3321211266511206e-03 -5.3321210425398297e-03
+1.4652280729568981e-01 +5.5555555555555558e-01 -5.3632918461244128e-03 -5.3632919301083888e-03

+1.4722719270431017e-01 +5.5555555555555558e-01 -5.3812903912627899e-03 -5.3812903751064740e-03
+1.4843750000000000e-01 +8.8888888888888884e-01 -5.4119698544072012e-03 -5.4119697763828573e-03
+1.4964780729568986e-01 +5.5555555555555558e-01 -5.4423361207408269e-03 -5.4423362065070075e-03

+1.5035219270431022e-01 +5.5555555555555558e-01 -5.4598643706895668e-03 -5.4598643589096347e-03
+1.5156250000000002e-01 +8.8888888888888884e-01 -5.4897321647628377e-03 -5.4897320928555381e-03
+1.5277280729568982e-01 +5.5555555555555558e-01 -5.5192822711831076e-03 -5.5192823586984125e-03

+1.5347719270431021e-01 +5.5555555555555558e-01 -5.5363334684681914e-03 -5.5363334610691612e-03
+1.5468750000000001e-01 +8.8888888888888884e-01 -5.5653780788671083e-03 -5.5653780131045896e-03
+1.5589780729568981e-01 +5.5555555555555558e-01 -5.5941006332454728e-03 -5.5941007224761937e-03

+1.5660219270431017e-01 +5.5555555555555558e-01 -5.6106682043057755e-03 -5.6106682012905225e-03
+1.5781250000000002e-01 +8.8888888888888884e-01 -5.6388784337802070e-03 -5.6388783741877797e-03
+1.5902280729568985e-01 +5.5555555555555558e-01 -5.6667623630252163e-03 -5.6667624539368886e-03

+1.5972719270431021e-01 +5.5555555555555558e-01 -5.6828399207467049e-03 -5.6828399221163341e-03
+1.6093750000000001e-01 +8.8888888888888884e-01 -5.7102048937161063e-03 -5.7102048403167606e-03
+1.6214780729568981e-01 +5.5555555555555558e-01 -5.7372394480421935e-03 -5.7372395405998304e-03

+1.6285219270431017e-01 +5.5555555555555558e-01 -5.7528207942203142e-03 -5.7528207999743642e-03
+1.6406250000000000e-01 +8.8888888888888884e-01 -5.7793299609667174e-03 -5.7793299137810826e-03
+1.6527280729568986e-01 +5.5555555555555558e-01 -5.8055047180386029e-03 -5.8055048122065290e-03

+1.6597719270431022e-01 +5.5555555555555558e-01 -5.8205838457678115e-03 -5.8205838559040558e-03
+1.6718750000000002e-01 +8.8888888888888884e-01 -5.8462269865028251e-03 -5.8462269455490674e-03
+1.6839780729568982e-01 +5.5555555555555558e-01 -5.8715318554533949e-03 -5.8715319511952815e-03

+1.6910219270431018e-01 +5.5555555555555558e-01 -5.8861029514429017e-03 -5.8861029659574154e-03
+1.7031250000000001e-01 +8.8888888888888884e-01 -5.9108701802476496e-03 -5.9108701455415228e-03
+1.7152280729568983e-01 +5.5555555555555558e-01 -5.9352954055682337e-03 -5.9352955028471287e-03

+1.7222719270431019e-01 +5.5555555555555558e-01 -5.9493528523831586e-03 -5.9493528712703083e-03
+1.7343750000000002e-01 +8.8888888888888884e-01 -5.9732346210194286e-03 -5.9732345925743169e-03
+1.7464780729568982e-01 +5.5555555555555558e-01 -5.9967707863206885e-03 -5.9967708850991140e-03

+1.7535219270431018e-01 +5.5555555555555558e-01 -6.0103091645476734e-03 -6.0103091878002148e-03
+1.7656250000000001e-01 +8.8888888888888884e-01 -6.0332962661390713e-03 -6.0332962439659547e-03
+1.7777280729568984e-01 +5.5555555555555558e-01 -6.0559342977812430e-03 -6.0559343980211401e-03

+1.7847719270431020e-01 +5.5555555555555558e-01 -6.0689483881177881e-03 -6.0689484157267597e-03
+1.7968750000000000e-01 +8.8888888888888884e-01 -6.0910319606990509e-03 -6.0910319448064980e-03
+1.8089780729568983e-01 +5.5555555555555558e-01 -6.1127631312900355e-03 -6.1127632329527459e-03

+1.8160219270431022e-01 +5.5555555555555558e-01 -6.1252479165565792e-03 -6.1252479485113262e-03
+1.8281250000000002e-01 +8.8888888888888884e-01 -6.1464194464901176e-03 -6.1464194368842252e-03
+1.8402280729568984e-01 +5.5555555555555558e-01 -6.1672353782499549e-03 -6.1672354812962842e-03

+1.8472719270431021e-01 +5.5555555555555558e-01 -6.1791860453241018e-03 -6.1791860816123164e-03
+1.8593750000000001e-01 +8.8888888888888884e-01 -6.1994373705821261e-03 -6.1994373672665890e-03
+1.8714780729568981e-01 +5.5555555555555558e-01 -6.2193300385728918e-03 -6.2193301429630844e-03

+1.8785219270431019e-01 +5.5555555555555558e-01 -6.2307419802450211e-03 -6.2307420208526599e-03
+1.8906250000000002e-01 +8.8888888888888884e-01 -6.2500652935560666e-03 -6.2500652965321877e-03
+1.9027280729568982e-01 +5.5555555555555558e-01 -6.2690270287755227e-03 -6.2690271344694121e-03

+1.9097719270431018e-01 +5.5555555555555558e-01 -6.2798958455248513e-03 -6.2798958904363685e-03
+1.9218750000000001e-01 +8.8888888888888884e-01 -6.2982836973838876e-03 -6.2982837066505393e-03
+1.9339780729568984e-01 +5.5555555555555558e-01 -6.3163071897222329e-03 -6.3163072966790140e-03

+1.9410219270431020e-01 +5.5555555555555558e-01 -6.3266286914130309e-03 -6.3266287406110290e-03
+1.9531250000000000e-01 +8.8888888888888884e-01 -6.3440739929530995e-03 -6.3440740085066666e-03
+1.9652280729568983e-01 +5.5555555555555558e-01 -6.3611522940109104e-03 -6.3611524021893401e-03

+1.9722719270431019e-01 +5.5555555555555558e-01 -6.3709225015077886e-03 -6.3709225549733019e-03
+1.9843750000000002e-01 +8.8888888888888884e-01 -6.3874185272330417e-03 -6.3874185490675446e-03
+1.9964780729568984e-01 +5.5555555555555558e-01 -6.4035450530001547e-03 -6.4035451623585512e-03

+2.0035219270431021e-01 +5.5555555555555558e-01 -6.4127601997021298e-03 -6.4127602574145766e-03
+2.0156250000000001e-01 +8.8888888888888884e-01 -6.4283005900806576e-03 -6.4283006181876847e-03
+2.0277280729568981e-01 +5.5555555555555558e-01 -6.4434691234743959e-03 -6.4434692339706149e-03

+2.0347719270431017e-01 +5.5555555555555558e-01 -6.4521256567670214e-03 -6.4521257187041443e-03
+2.0468750000000002e-01 +8.8888888888888884e-01 -6.4667044206825107e-03 -6.4667044550512191e-03
+2.0589780729568985e-01 +5.5555555555555558e-01 -6.4809091139445222e-03 -6.4809092255359415e-03

+2.0660219270431021e-01 +5.5555555555555558e-01 -6.4890036965694065e-03 -6.4890037627073245e-03
+2.0781250000000001e-01 +8.8888888888888884e-01 -6.5026152136308385e-03 -6.5026152542479818e-03
+2.0902280729568981e-01 +5.5555555555555558e-01 -6.5158505905814701e-03 -6.5158507032250746e-03

+2.0972719270431017e-01 +5.5555555555555558e-01 -6.5233801019229255e-03 -6.5233801722361460e-03
+2.1093750000000000e-01 +8.8888888888888884e-01 -6.5360191246313717e-03 -6.5360191714812924e-03
+2.1214780729568986e-01 +5.5555555555555558e-01 -6.5482800827808803e-03 -6.5482801964332274e-03

+2.1285219270431022e-01 +5.5555555555555558e-01 -6.5552416200689648e-03 -6.5552416945303532e-03
+2.1406250000000002e-01 +8.8888888888888884e-01 -6.5669032758405715e-03 -6.5669033289051850e-03
+2.1527280729568982e-01 +5.5555555555555558e-01 -6.5781850883561482e-03 -6.5781852029734413e-03

+2.1597719270431021e-01 +5.5555555555555558e-01 -6.5845759677857002e-03 -6.5845760463665876e-03
+2.1718750000000001e-01 +8.8888888888888884e-01 -6.5952557608301788e-03 -6.5952558200890622e-03
+2.1839780729568983e-01 +5.5555555555555558e-01 -6.6055540783583680e-03 -6.6055541938964289e-03

+2.1910219270431019e-01 +5.5555555555555558e-01 -6.6113718361237332e-03 -6.6113719187938123e-03
+2.2031250000000002e-01 +8.8888888888888884e-01 -6.6210656491775734e-03 -6.6210657146078622e-03
+2.2152280729568985e-01 +5.5555555555555558e-01 -6.6303765015209631e-03 -6.6303766179351973e-03

+2.2222719270431021e-01 +5.5555555555555558e-01 -6.6356188947657721e-03 -6.6356189814931231e-03
+2.2343750000000001e-01 +8.8888888888888884e-01 -6.6443229906794710e-03 -6.6443230622559328e-03
+2.2464780729568981e-01 +5.5555555555555558e-01 -6.6526427883271521e-03 -6.6526429055727629e-03

+2.2535219270431017e-01 +5.5555555555555558e-01 -6.6573077960090004e-03 -6.6573078867602862e-03
+2.2656250000000000e-01 +8.8888888888888884e-01 -6.6650188191879310e-03 -6.6650188968830314e-03
+2.2777280729568986e-01 +5.5555555555555558e-01 -6.6723443546995971e-03 -6.6723444727313820e-03

+2.2847719270431022e-01 +5.5555555555555558e-01 -6.6764301783692297e-03 -6.6764302731094549e-03
+2.2968750000000002e-01 +8.8888888888888884e-01 -6.6831451560672014e-03 -6.6831452398509478e-03
+2.3089780729568982e-01 +5.5555555555555558e-01 -6.6894736053094792e-03 -6.6894737240818791e-03

+2.3160219270431018e-01 +5.5555555555555558e-01 -6.6929786698041050e-03 -6.6929787684966774e-03
+2.3281250000000001e-01 +8.8888888888888884e-01 -6.6986950132693519e-03 -6.6986951031094135e-03
+2.3402280729568983e-01 +5.5555555555555558e-01 -6.7040239365045553e-03 -6.7040240559717882e-03

+2.3472719270431019e-01 +5.5555555555555558e-01 -6.7069468905550673e-03 -6.7069469931619703e-03
+2.3593750000000002e-01 +8.8888888888888884e-01 -6.7116623960283544e-03 -6.7116624918901408e-03
+2.3714780729568982e-01 +5.5555555555555558e-01 -6.7159897388551406e-03 -6.7159898589711888e-03

+2.3785219270431018e-01 +5.5555555555555558e-01 -6.7183294556071365e-03 -6.7183295620888263e-03
+2.3906250000000001e-01 +8.8888888888888884e-01 -6.7220423051713883e-03 -6.7220424070179073e-03
+2.4027280729568984e-01 +5.5555555555555558e-01 -6.7253663993167550e-03 -6.7253665200352440e-03

+2.4097719270431020e-01 +5.5555555555555558e-01 -6.7271219767648755e-03 -6.7271220870802461e-03
+2.4218750000000000e-01 +8.8888888888888884e-01 -6.7298307390458645e-03 -6.7298308468378412e-03
+2.4339780729568983e-01 +5.5555555555555558e-01 -6.7321503030082028e-03 -6.7321504242826204e-03

+2.4410219270431022e-01 +5.5555555555555558e-01 -6.7333210643439239e-03 -6.7333211784504736e-03
+2.4531250000000002e-01 +8.8888888888888884e-01 -6.7350246950622127e-03 -6.7350248087581326e-03
+2.4652280729568984e-01 +5.5555555555555558e-01 -6.7363388346054816e-03 -6.7363389563890935e-03

+2.4722719270431021e-01 +5.5555555555555558e-01 -6.7369243284780139e-03 -6.7369244463317797e-03
+2.4843750000000001e-01 +8.8888888888888884e-01 -6.7376221708515538e-03 -6.7376222904075881e-03
+2.4964780729568981e-01 +5.5555555555555558e-01 -6.7379303793499200e-03 -6.7379305015958044e-03

+2.5035219270431019e-01 +5.5555555555555558e-01 -6.7379303800402315e-03 -6.7379305015958044e-03
+2.5156250000000002e-01 +8.8888888888888884e-01 -6.7376221650375162e-03 -6.7376222904075881e-03
+2.5277280729568979e-01 +5.5555555555555558e-01 -6.7369243236707907e-03 -6.7369244463317797e-03

+2.5347719270431018e-01 +5.5555555555555558e-01 -6.7363388311786386e-03 -6.7363389563890935e-03
+2.5468750000000001e-01 +8.8888888888888884e-01 -6.7350246776224131e-03 -6.7350248087581317e-03
+2.5589780729568984e-01 +5.5555555555555558e-01 -6.7333210554216660e-03 -6.7333211784504736e-03

+2.5660219270431023e-01 +5.5555555555555558e-01 -6.7321502954655497e-03 -6.7321504242826196e-03
+2.5781250000000000e-01 +8.8888888888888884e-01 -6.7298307099870128e-03 -6.7298308468378412e-03
+2.5902280729568983e-01 +5.5555555555555558e-01 -6.7271219637310550e-03 -6.7271220870802461e-03

+2.5972719270431022e-01 +5.5555555555555558e-01 -6.7253663876611896e-03 -6.7253665200352440e-03
+2.6093750000000004e-01 +8.8888888888888884e-01 -6.7220422645047091e-03 -6.7220424070179073e-03
+2.6214780729568982e-01 +5.5555555555555558e-01 -6.7183294384667970e-03 -6.7183295620888263e-03

+2.6285219270431021e-01 +5.5555555555555558e-01 -6.7159897230911914e-03 -6.7159898589711888e-03
+2.6406249999999998e-01 +8.8888888888888884e-01 -6.7116623437695278e-03 -6.7116624918901408e-03
+2.6527280729568981e-01 +5.5555555555555558e-01 -6.7069468693147713e-03 -6.7069469931619703e-03

+2.6597719270431019e-01 +5.5555555555555558e-01 -6.7040239166382600e-03 -6.7040240559717882e-03
+2.6718750000000002e-01 +8.8888888888888884e-01 -6.6986949494385146e-03 -6.6986951031094135e-03
+2.6839780729568979e-01 +5.5555555555555558e-01 -6.6929786444720725e-03 -6.6929787684966782e-03

+2.6910219270431018e-01 +5.5555555555555558e-01 -6.6894735813485323e-03 -6.6894737240818791e-03
+2.7031250000000001e-01 +8.8888888888888884e-01 -6.6831450806889899e-03 -6.6831452398509470e-03
+2.7152280729568984e-01 +5.5555555555555558e-01 -6.6764301489552254e-03 -6.6764302731094540e-03

+2.7222719270431023e-01 +5.5555555555555558e-01 -6.6723443266532107e-03 -6.6723444727313811e-03
+2.7343750000000000e-01 +8.8888888888888884e-01 -6.6650187322913491e-03 -6.6650188968830314e-03
+2.7464780729568983e-01 +5.5555555555555558e-01 -6.6573077625243027e-03 -6.6573078867602862e-03

+2.7535219270431022e-01 +5.5555555555555558e-01 -6.6526427562061102e-03 -6.6526429055727620e-03
+2.7656250000000004e-01 +8.8888888888888884e-01 -6.6443228922980187e-03 -6.6443230622559319e-03
+2.7777280729568982e-01 +5.5555555555555558e-01 -6.6356188572233013e-03 -6.6356189814931231e-03

+2.7847719270431021e-01 +5.5555555555555558e-01 -6.6303764653376307e-03 -6.6303766179351973e-03
+2.7968749999999998e-01 +8.8888888888888884e-01 -6.6210655393491614e-03 -6.6210657146078622e-03
+2.8089780729568981e-01 +5.5555555555555558e-01 -6.6113717945379792e-03 -6.6113719187938114e-03

+2.8160219270431019e-01 +5.5555555555555558e-01 -6.6055540381267271e-03 -6.6055541938964289e-03
+2.8281250000000002e-01 +8.8888888888888884e-01 -6.5952556395971699e-03 -6.5952558200890622e-03
+2.8402280729568979e-01 +5.5555555555555558e-01 -6.5845759221727041e-03 -6.5845760463665868e-03

+2.8472719270431013e-01 +5.5555555555555558e-01 -6.5781850440917279e-03 -6.5781852029734422e-03
+2.8593750000000001e-01 +8.8888888888888884e-01 -6.5669031432497053e-03 -6.5669033289051841e-03
+2.8714780729568989e-01 +5.5555555555555558e-01 -6.5552415704462829e-03 -6.5552416945303523e-03

+2.8785219270431023e-01 +5.5555555555555558e-01 -6.5482800345006949e-03 -6.5482801964332257e-03
+2.8906250000000000e-01 +8.8888888888888884e-01 -6.5360189807337904e-03 -6.5360191714812924e-03
+2.9027280729568983e-01 +5.5555555555555558e-01 -6.5233800483097612e-03 -6.5233801722361460e-03

+2.9097719270431022e-01 +5.5555555555555558e-01 -6.5158505383042208e-03 -6.5158507032250746e-03
+2.9218750000000004e-01 +8.8888888888888884e-01 -6.5026150584820410e-03 -6.5026152542479810e-03
+2.9339780729568982e-01 +5.5555555555555558e-01 -6.4890036389864065e-03 -6.4890037627073236e-03

+2.9410219270431021e-01 +5.5555555555555558e-01 -6.4809090576903473e-03 -6.4809092255359406e-03
+2.9531249999999998e-01 +8.8888888888888884e-01 -6.4667042543423044e-03 -6.4667044550512183e-03
+2.9652280729568981e-01 +5.5555555555555558e-01 -6.4521255952363901e-03 -6.4521257187041435e-03

+2.9722719270431019e-01 +5.5555555555555558e-01 -6.4434690632649699e-03 -6.4434692339706149e-03
+2.9843750000000002e-01 +8.8888888888888884e-01 -6.4283004126131187e-03 -6.4283006181876847e-03
+2.9964780729568991e-01 +5.5555555555555558e-01 -6.4127601342475133e-03 -6.4127602574145749e-03

+3.0035219270431024e-01 +5.5555555555555558e-01 -6.4035449888585902e-03 -6.4035451623585486e-03
+3.0156250000000007e-01 +8.8888888888888884e-01 -6.3874183387065504e-03 -6.3874185490675420e-03
+3.0277280729568989e-01 +5.5555555555555558e-01 -6.3709224321544539e-03 -6.3709225549733002e-03

+3.0347719270431023e-01 +5.5555555555555558e-01 -6.3611522259620339e-03 -6.3611524021893392e-03
+3.0468750000000000e-01 +8.8888888888888884e-01 -6.3440737934404440e-03 -6.3440740085066666e-03
+3.0589780729568983e-01 +5.5555555555555558e-01 -6.3266286181877978e-03 -6.3266287406110290e-03

+3.0660219270431022e-01 +5.5555555555555558e-01 -6.3163071177923056e-03 -6.3163072966790131e-03
+3.0781250000000004e-01 +8.8888888888888884e-01 -6.2982834869619499e-03 -6.2982837066505384e-03
+3.0902280729568982e-01 +5.5555555555555558e-01 -6.2798957684558837e-03 -6.2798958904363676e-03

+3.0972719270431015e-01 +5.5555555555555558e-01 -6.2690269529922385e-03 -6.2690271344694112e-03
+3.1093749999999998e-01 +8.8888888888888884e-01 -6.2500650723059060e-03 -6.2500652965321868e-03
+3.1214780729568981e-01 +5.5555555555555558e-01 -6.2307418993619423e-03 -6.2307420208526599e-03

+3.1285219270431014e-01 +5.5555555555555558e-01 -6.2193299589653854e-03 -6.2193301429630853e-03
+3.1406250000000002e-01 +8.8888888888888884e-01 -6.1994371385890616e-03 -6.1994373672665882e-03
+3.1527280729568985e-01 +5.5555555555555558e-01 -6.1791859606582311e-03 -6.1791860816123147e-03

+3.1597719270431024e-01 +5.5555555555555558e-01 -6.1672352948490333e-03 -6.1672354812962816e-03
+3.1718750000000007e-01 +8.8888888888888884e-01 -6.1464192038436782e-03 -6.1464194368842234e-03
+3.1839780729568984e-01 +5.5555555555555558e-01 -6.1252478281405591e-03 -6.1252479485113254e-03

+3.1910219270431023e-01 +5.5555555555555558e-01 -6.1127630441278604e-03 -6.1127632329527450e-03
+3.2031250000000000e-01 +8.8888888888888884e-01 -6.0910317074927530e-03 -6.0910319448064980e-03
+3.2152280729568983e-01 +5.5555555555555558e-01 -6.0689482959856650e-03 -6.0689484157267588e-03

+3.2222719270431022e-01 +5.5555555555555558e-01 -6.0559342068913476e-03 -6.0559343980211384e-03
+3.2343750000000004e-01 +8.8888888888888884e-01 -6.0332960024704410e-03 -6.0332962439659530e-03
+3.2464780729568982e-01 +5.5555555555555558e-01 -6.0103090687349250e-03 -6.0103091878002139e-03

+3.2535219270431015e-01 +5.5555555555555558e-01 -5.9967706917380985e-03 -5.9967708850991140e-03
+3.2656249999999998e-01 +8.8888888888888884e-01 -5.9732343469901571e-03 -5.9732345925743169e-03
+3.2777280729568986e-01 +5.5555555555555558e-01 -5.9493527529267233e-03 -5.9493528712703065e-03

+3.2847719270431019e-01 +5.5555555555555558e-01 -5.9352953073294294e-03 -5.9352955028471287e-03
+3.2968750000000002e-01 +8.8888888888888884e-01 -5.9108698959633920e-03 -5.9108701455415228e-03
+3.3089780729568985e-01 +5.5555555555555558e-01 -5.8861028483811872e-03 -5.8861029659574146e-03

+3.3160219270431024e-01 +5.5555555555555558e-01 -5.8715317535963036e-03 -5.8715319511952798e-03
+3.3281250000000007e-01 +8.8888888888888884e-01 -5.8462266920731995e-03 -5.8462269455490648e-03
+3.3402280729568984e-01 +5.5555555555555558e-01 -5.8205837391405316e-03 -5.8205838559040541e-03

+3.3472719270431023e-01 +5.5555555555555558e-01 -5.8055046126024561e-03 -5.8055048122065264e-03
+3.3593750000000000e-01 +8.8888888888888884e-01 -5.7793296565052128e-03 -5.7793299137810826e-03
+3.3714780729568983e-01 +5.5555555555555558e-01 -5.7528206840685488e-03 -5.7528207999743642e-03

+3.3785219270431022e-01 +5.5555555555555558e-01 -5.7372393390676159e-03 -5.7372395405998304e-03
+3.3906250000000004e-01 +8.8888888888888884e-01 -5.7102045793400317e-03 -5.7102048403167597e-03
+3.4027280729568987e-01 +5.5555555555555558e-01 -5.6828398071128473e-03 -5.6828399221163306e-03

+3.4097719270431021e-01 +5.5555555555555558e-01 -5.6667622505541491e-03 -5.6667624539368860e-03
+3.4218749999999998e-01 +8.8888888888888884e-01 -5.6388781096107987e-03 -5.6388783741877788e-03
+3.4339780729568981e-01 +5.5555555555555558e-01 -5.6106680872337888e-03 -5.6106682012905217e-03

+3.4410219270431019e-01 +5.5555555555555558e-01 -5.5941005173214759e-03 -5.5941007224761937e-03
+3.4531250000000002e-01 +8.8888888888888884e-01 -5.5653777450294555e-03 -5.5653780131045896e-03
+3.4652280729568985e-01 +5.5555555555555558e-01 -5.5363333480031368e-03 -5.5363334610691603e-03

+3.4722719270431024e-01 +5.5555555555555558e-01 -5.5192821518507199e-03 -5.5192823586984099e-03
+3.4843750000000007e-01 +8.8888888888888884e-01 -5.4897318213854860e-03 -5.4897320928555338e-03
+3.4964780729568984e-01 +5.5555555555555558e-01 -5.4598642468778515e-03 -5.4598643589096312e-03

+3.5035219270431023e-01 +5.5555555555555558e-01 -5.4423359980460880e-03 -5.4423362065070058e-03
+3.5156250000000000e-01 +8.8888888888888884e-01 -5.4119695016225985e-03 -5.4119697763828564e-03
+3.5277280729568983e-01 +5.5555555555555558e-01 -5.3812902641521892e-03 -5.3812903751064740e-03

+3.5347719270431016e-01 +5.5555555555555558e-01 -5.3632917201146373e-03 -5.3632919301083888e-03
+3.5468750000000004e-01 +8.8888888888888884e-01 -5.3321207645953186e-03 -5.3321210425398271e-03
+3.5589780729568987e-01 +5.5555555555555558e-01 -5.3006416915921672e-03 -5.3006418014261659e-03

+3.5660219270431021e-01 +5.5555555555555558e-01 -5.2821797911301637e-03 -5.2821800025757825e-03
+3.5781249999999998e-01 +8.8888888888888884e-01 -5.2502163935116610e-03 -5.2502166745333374e-03
+3.5902280729568981e-01 +5.5555555555555558e-01 -5.2179496207576210e-03 -5.2179497294290809e-03

+3.5972719270431019e-01 +5.5555555555555558e-01 -5.1990314812852528e-03 -5.1990316941012919e-03
+3.6093750000000002e-01 +8.8888888888888884e-01 -5.1662879640658717e-03 -5.1662882480563669e-03
+3.6214780729568985e-01 +5.5555555555555558e-01 -5.1332459310161069e-03 -5.1332460384830841e-03

+3.6285219270431024e-01 +5.5555555555555558e-01 -5.1138788458362661e-03 -5.1138790599406306e-03
+3.6406250000000007e-01 +8.8888888888888884e-01 -5.0803678322651827e-03 -5.0803681191149792e-03
+3.6527280729568984e-01 +5.5555555555555558e-01 -5.0465632772524081e-03 -5.0465633834734479e-03

+3.6597719270431017e-01 +5.5555555555555558e-01 -5.0267547127450900e-03 -5.0267549280552260e-03
+3.6718750000000000e-01 +8.8888888888888884e-01 -4.9924891219559247e-03 -4.9924894115544460e-03
+3.6839780729568988e-01 +5.5555555555555558e-01 -4.9579350772795735e-03 -4.9579351822137546e-03

+3.6910219270431022e-01 +5.5555555555555558e-01 -4.9376926700234539e-03 -4.9376928864563992e-03
+3.7031250000000004e-01 +8.8888888888888884e-01 -4.9026857120537393e-03 -4.9026860042893751e-03
+3.7152280729568987e-01 +5.5555555555555558e-01 -4.8673954989558029e-03 -4.8673956025627099e-03

+3.7222719270431021e-01 +5.5555555555555558e-01 -4.8467270527842313e-03 -4.8467272702565631e-03
+3.7343749999999998e-01 +8.8888888888888884e-01 -4.8109922234826569e-03 -4.8109925182427595e-03
+3.7464780729568981e-01 +5.5555555555555558e-01 -4.7749794470121022e-03 -4.7749795492517660e-03

+3.7535219270431019e-01 +5.5555555555555558e-01 -4.7538929300045447e-03 -4.7538931484323718e-03
+3.7656250000000002e-01 +8.8888888888888884e-01 -4.7174440058280805e-03 -4.7174443029989275e-03
+3.7777280729568985e-01 +5.5555555555555558e-01 -4.6807225495957318e-03 -4.6807226504286918e-03

+3.7847719270431024e-01 +5.5555555555555558e-01 -4.6592260910058485e-03 -4.6592263103049647e-03
+3.7968750000000007e-01 +8.8888888888888884e-01 -4.6220771237085508e-03 -4.6220774231756330e-03
+3.8089780729568984e-01 +5.5555555555555558e-01 -4.5846611445348288e-03 -4.5846612439222499e-03

+3.8160219270431017e-01 +5.5555555555555558e-01 -4.5627630316566314e-03 -4.5627632517425106e-03
+3.8281250000000000e-01 +8.8888888888888884e-01 -4.5249283428725803e-03 -4.5249286445204397e-03
+3.8402280729568988e-01 +5.5555555555555558e-01 -4.4868322653297214e-03 -4.4868323632332565e-03

+3.8472719270431022e-01 +5.5555555555555558e-01 -4.4645409403025818e-03 -4.4645411610903371e-03
+3.8593750000000004e-01 +8.8888888888888884e-01 -4.4260351160245346e-03 -4.4260354197368269e-03
+3.8714780729568982e-01 +5.5555555555555558e-01 -4.3872736268755789e-03 -4.3872737232574822e-03

+3.8785219270431021e-01 +5.5555555555555558e-01 -4.3645976834296102e-03 -4.3645979048341386e-03
+3.8906249999999998e-01 +8.8888888888888884e-01 -4.3254355683857749e-03 -4.3254358740454730e-03
+3.9027280729568981e-01 +5.5555555555555558e-01 -4.2860236109226553e-03 -4.2860237057458159e-03

+3.9097719270431019e-01 +5.5555555555555558e-01 -4.2629717910657146e-03 -4.2629720130017068e-03
+3.9218750000000002e-01 +8.8888888888888884e-01 -4.2231684829969430e-03 -4.2231687904862331e-03
+3.9339780729568985e-01 +5.5555555555555558e-01 -4.1831212512795108e-03 -4.1831213445073919e-03

+3.9410219270431024e-01 +5.5555555555555558e-01 -4.1597024419269806e-03 -4.1597026643088791e-03
+3.9531250000000007e-01 +8.8888888888888884e-01 -4.1192732857662541e-03 -4.1192735949665688e-03
+3.9652280729568989e-01 +5.5555555555555558e-01 -4.0786062187647002e-03 -4.0786063103613055e-03

+3.9722719270431023e-01 +5.5555555555555558e-01 -4.0548294483133702e-03 -4.0548296710554016e-03
+3.9843750000000000e-01 +8.8888888888888884e-01 -4.0137900302699521e-03 -4.0137903410620915e-03
+3.9964780729568983e-01 +5.5555555555555558e-01 -3.9725188059126981e-03 -3.9725188958427580e-03

+4.0035219270431022e-01 +5.5555555555555558e-01 -3.9483932407601901e-03 -3.9483934637765195e-03
+4.0156250000000004e-01 +8.8888888888888884e-01 -3.9067593823109929e-03 -3.9067596945751371e-03
+4.0277280729568982e-01 +5.5555555555555558e-01 -3.8648999114406861e-03 -3.8648999996695062e-03

+4.0347719270431021e-01 +5.5555555555555558e-01 -3.8404348524516177e-03 -3.8404350756562474e-03
+4.0468749999999998e-01 +8.8888888888888884e-01 -3.7982226042415799e-03 -3.7982229178573582e-03
+4.0589780729568981e-01 +5.5555555555555558e-01 -3.7557910244810661e-03 -3.7557911109746471e-03

+4.0660219270431019e-01 +5.5555555555555558e-01 -3.7309959034014031e-03 -3.7309961267082861e-03
+4.0781250000000002e-01 +8.8888888888888884e-01 -3.6882215390557876e-03 -3.6882218539022620e-03
+4.0902280729568985e-01 +5.5555555555555558e-01 -3.6452342085868004e-03 -3.6452342933117532e-03

+4.0972719270431018e-01 +5.5555555555555558e-01 -3.6201185844077126e-03 -3.6201188077307190e-03
+4.1093750000000007e-01 +8.8888888888888884e-01 -3.5767985942582064e-03 -3.5767989102139736e-03
+4.1214780729568989e-01 +5.5555555555555558e-01 -3.5332720855149112e-03 -3.5332721684385796e-03

+4.1285219270431023e-01 +5.5555555555555558e-01 -3.5078456407875952e-03 -3.5078458640406584e-03
+4.1406250000000000e-01 +8.8888888888888884e-01 -3.4639967255150153e-03 -3.4639970424583215e-03
+4.1527280729568983e-01 +5.5555555555555558e-01 -3.4199478187951185e-03 -3.4199478998855662e-03

+4.1597719270431022e-01 +5.5555555555555558e-01 -3.3942203558980535e-03 -3.3942205789951126e-03
+4.1718750000000004e-01 +8.8888888888888884e-01 -3.3498594200939732e-03 -3.3498597379025999e-03
+4.1839780729568982e-01 +5.5555555555555558e-01 -3.3053050970895267e-03 -3.3053051763154615e-03

+4.1910219270431021e-01 +5.5555555555555558e-01 -3.2792865344494011e-03 -3.2792867573044229e-03
+4.2031249999999998e-01 +8.8888888888888884e-01 -3.2344306800989866e-03 -3.2344309986504249e-03
+4.2152280729568981e-01 +5.5555555555555558e-01 -3.1893881173496153e-03 -3.1893881946805256e-03

+4.2222719270431019e-01 +5.5555555555555558e-01 -3.1630884856176035e-03 -3.1630887081447140e-03
+4.2343750000000002e-01 +8.8888888888888884e-01 -3.1177550055066002e-03 -3.1177553246780573e-03
+4.2464780729568991e-01 +5.5555555555555558e-01 -3.0722415677776919e-03 -3.0722416431837565e-03

+4.2535219270431024e-01 +5.5555555555555558e-01 -3.0456710059624768e-03 -3.0456712280758670e-03
+4.2656250000000007e-01 +8.8888888888888884e-01 -2.9998773770104348e-03 -2.9998776966788407e-03
+4.2777280729568989e-01 +5.5555555555555558e-01 -2.9539106105986234e-03 -2.9539106840507511e-03

+4.2847719270431023e-01 +5.5555555555555558e-01 -2.9270793621575687e-03 -2.9270795837715966e-03
+4.2968750000000000e-01 +8.8888888888888884e-01 -2.8808432386801495e-03 -2.8808435587222756e-03
+4.3089780729568983e-01 +5.5555555555555558e-01 -2.8344408646488769e-03 -2.8344409361187846e-03

+4.3160219270431022e-01 +5.5555555555555558e-01 -2.8073592735390089e-03 -2.8073594945682749e-03
+4.3281250000000004e-01 +8.8888888888888884e-01 -2.7606984804419677e-03 -2.7606988007344547e-03
+4.3402280729568982e-01 +5.5555555555555558e-01 -2.7138783877897607e-03 -2.7138784572498932e-03

+4.3472719270431015e-01 +5.5555555555555558e-01 -2.6865568944799858e-03 -2.6865571148392679e-03
+4.3593749999999998e-01 +8.8888888888888884e-01 -2.6394894203873032e-03 -2.6394897408066505e-03
+4.3714780729568986e-01 +5.5555555555555558e-01 -2.5922696591511377e-03 -2.5922697265746909e-03

+4.3785219270431019e-01 +5.5555555555555558e-01 -2.5647187965972141e-03 -2.5647190162015332e-03
+4.3906250000000002e-01 +8.8888888888888884e-01 -2.5172627869161084e-03 -2.5172631073387764e-03
+4.4027280729568985e-01 +5.5555555555555558e-01 -2.4696615612127995e-03 -2.4696616265737869e-03

+4.4097719270431024e-01 +5.5555555555555558e-01 -2.4418919507966921e-03 -2.4418921695613946e-03
+4.4218750000000007e-01 +8.8888888888888884e-01 -2.3940657007222627e-03 -2.3940660210247295e-03
+4.4339780729568984e-01 +5.5555555555555558e-01 -2.3461013617304548e-03 -2.3461014250036796e-03

+4.4410219270431023e-01 +5.5555555555555558e-01 -2.3181237091655944e-03 -2.3181239270063502e-03
+4.4531250000000000e-01 +8.8888888888888884e-01 -2.2699456566276669e-03 -2.2699459766864520e-03
+4.4652280729568983e-01 +5.5555555555555558e-01 -2.2216366955130811e-03 -2.2216367566741508e-03

+4.4722719270431022e-01 +5.5555555555555558e-01 -2.1934617867171093e-03 -2.1934620035499374e-03
+4.4843750000000004e-01 +8.8888888888888884e-01 -2.1449505052720413e-03 -2.1449508249637597e-03
+4.4964780729568982e-01 +5.5555555555555558e-01 -2.0963155460587907e-03 -2.0963156050841352e-03

+4.5035219270431015e-01 +5.5555555555555558e-01 -2.0679542429953863e-03 -2.0679544587367004e-03
+4.5156249999999998e-01 +8.8888888888888884e-01 -2.0191284346656301e-03 -2.0191287538670437e-03
+4.5277280729568986e-01 +5.5555555555555558e-01 -1.9701862270563087e-03 -1.9701862839231659e-03

+4.5347719270431019e-01 +5.5555555555555558e-01 -1.9416494635476841e-03 -1.9416496781143036e-03
+4.5468750000000002e-01 +8.8888888888888884e-01 -1.8925279516117913e-03 -1.8925282701998331e-03
+4.5589780729568985e-01 +5.5555555555555558e-01 -1.8432973637590811e-03 -1.8432974184455354e-03

+4.5660219270431024e-01 +5.5555555555555558e-01 -1.8145961412707942e-03 -1.8145963545800020e-03
+4.5781250000000007e-01 +8.8888888888888884e-01 -1.7651978630067015e-03 -1.7651981808585382e-03
+4.5902280729568984e-01 +5.5555555555555558e-01 -1.7156978742393777e-03 -1.7156979267243238e-03

+4.5972719270431023e-01 +5.5555555555555558e-01 -1.6868432576390489e-03 -1.6868434696085915e-03
+4.6093750000000000e-01 +8.8888888888888884e-01 -1.6371872570233497e-03 -1.6371875740164438e-03
+4.6214780729568983e-01 +5.5555555555555558e-01 -1.5874369505293451e-03 -1.5874370007925567e-03

+4.6285219270431022e-01 +5.5555555555555558e-01 -1.5584400638209389e-03 -1.5584402743691131e-03
+4.6406250000000004e-01 +8.8888888888888884e-01 -1.5085454841871162e-03 -1.5085458001992708e-03
+4.6527280729568987e-01 +5.5555555555555558e-01 -1.4585640396566277e-03 -1.4585640876787370e-03

+4.6597719270431021e-01 +5.5555555555555558e-01 -1.4294360616919613e-03 -1.4294362707375984e-03
+4.6718749999999998e-01 +8.8888888888888884e-01 -1.3793221383502560e-03 -1.3793224532596435e-03
+4.6839780729568981e-01 +5.5555555555555558e-01 -1.3291288245815946e-03 -1.3291288703440849e-03

+4.6910219270431019e-01 +5.5555555555555558e-01 -1.2998809847506467e-03 -1.2998811922131513e-03
+4.7031250000000002e-01 +8.8888888888888884e-01 -1.2495670375724690e-03 -1.2495673512576766e-03
+4.7152280729568985e-01 +5.5555555555555558e-01 -1.1991812050435558e-03 -1.1991812485287860e-03

+4.7222719270431024e-01 +5.5555555555555558e-01 -1.1698247789453339e-03 -1.1698249847447338e-03
+4.7343750000000007e-01 +8.8888888888888884e-01 -1.1193302049150857e-03 -1.1193305172551979e-03
+4.7464780729568984e-01 +5.5555555555555558e-01 -1.0687712783235049e-03 -1.0687713195147229e-03

+4.7535219270431023e-01 +5.5555555555555558e-01 -1.0393175834191015e-03 -1.0393177874760628e-03
+4.7656250000000000e-01 +8.8888888888888884e-01 -9.8866184915628874e-04 -9.8866216003089149e-04
+4.7777280729568983e-01 +5.5555555555555558e-01 -9.3794931993068252e-04 -9.3794935881199432e-04

+4.7847719270431016e-01 +5.5555555555555558e-01 -9.0840971118015870e-04 -9.0840991341600342e-04
+4.7968750000000004e-01 +8.8888888888888884e-01 -8.5761234543461494e-04 -8.5761265472384383e-04
+4.8089780729568987e-01 +5.5555555555555558e-01 -8.0676576422035310e-04 -8.0676580077675933e-04

+4.8160219270431021e-01 +5.5555555555555558e-01 -7.7715162970519859e-04 -7.7715183004194426e-04
+4.8281249999999998e-01 +8.8888888888888884e-01 -7.2623221582838386e-04 -7.2623252341300147e-04
+4.8402280729568981e-01 +5.5555555555555558e-01 -6.7527118495042452e-04 -6.7527121916784031e-04

+4.8472719270431019e-01 +5.5555555555555558e-01 -6.4559394148321569e-04 -6.4559413984364490e-04
+4.8593750000000002e-01 +8.8888888888888884e-01 -5.9457210987846887e-04 -5.9457241563991064e-04
+4.8714780729568985e-01 +5.5555555555555558e-01 -5.4351627578430313e-04 -5.4351630764955207e-04

+4.8785219270431024e-01 +5.5555555555555558e-01 -5.1378736450733385e-04 -5.1378756081498726e-04
+4.8906250000000007e-01 +8.8888888888888884e-01 -4.6268278506199671e-04 -4.6268308888238737e-04
+4.9027280729568984e-01 +5.5555555555555558e-01 -4.1155183074757150e-04 -4.1155186024836133e-04

+4.9097719270431017e-01 +5.5555555555555558e-01 -3.8178271272205796e-04 -3.8178290690124670e-04
+4.9218750000000000e-01 +8.8888888888888884e-01 -3.3061508722432713e-04 -3.3061538898652922e-04
+4.9339780729568988e-01 +5.5555555555555558e-01 -2.7942872464584812e-04 -2.7942875177079473e-04

+4.9410219270431022e-01 +5.5555555555555558e-01 -2.4963087643346810e-04 -2.4963106840932106e-04
+4.9531250000000004e-01 +8.8888888888888884e-01 -1.9841993097698561e-04 -1.9842023056466045e-04
+4.9652280729568987e-01 +5.5555555555555558e-01 -1.4719789345159990e-04 -1.4719791819025336e-04

+4.9722719270431021e-01 +5.5555555555555558e-01 -1.1738280269006495e-04 -1.1738299238858142e-04
+4.9843749999999998e-01 +8.8888888888888884e-01 -6.6148280069152173e-05 -6.6148577366811917e-05
+4.9964780729568981e-01 +5.5555555555555558e-01 -1.4910314667385479e-05 -1.4910337010211478e-05

+5.0035219270431019e-01 +5.5555555555555558e-01 +1.4910524358257945e-05 +1.4910337010211478e-05
+5.0156250000000002e-01 +8.8888888888888884e-01 +6.6148872259837958e-05 +6.6148577366811917e-05
+5.0277280729568985e-01 +5.5555555555555558e-01 +1.1738301232696555e-04 +1.1738299238858375e-04

+5.0347719270431024e-01 +5.5555555555555558e-01 +1.4719810311560722e-04 +1.4719791819025805e-04
+5.0468749999999996e-01 +8.8888888888888884e-01 +1.9842052293936888e-04 +1.9842023056466045e-04
+5.0589780729568978e-01 +5.5555555555555558e-01 +2.4963108593557235e-04 +2.4963106840932106e-04

+5.0660219270431017e-01 +5.5555555555555558e-01 +2.7942893420215701e-04 +2.7942875177079706e-04
+5.0781250000000000e-01 +8.8888888888888884e-01 +3.3061567873019881e-04 +3.3061538898652922e-04
+5.0902280729568983e-01 +5.5555555555555558e-01 +3.8178292200860824e-04 +3.8178290690124670e-04

+5.0972719270431022e-01 +5.5555555555555558e-01 +4.1155204011540176e-04 +4.1155186024836372e-04
+5.1093750000000004e-01 +8.8888888888888884e-01 +4.6268337588332222e-04 +4.6268308888239204e-04
+5.1214780729568987e-01 +5.5555555555555558e-01 +5.1378757349764112e-04 +5.1378756081499192e-04

+5.1285219270431026e-01 +5.5555555555555558e-01 +5.4351648488293281e-04 +5.4351630764955673e-04
+5.1406250000000009e-01 +8.8888888888888884e-01 +5.9457269978746184e-04 +5.9457241563991541e-04
+5.1527280729568981e-01 +5.5555555555555558e-01 +6.4559415009669493e-04 +6.4559413984364490e-04

+5.1597719270431019e-01 +5.5555555555555558e-01 +6.7527139369922878e-04 +6.7527121916784031e-04
+5.1718750000000002e-01 +8.8888888888888884e-01 +7.2623280459762382e-04 +7.2623252341300147e-04
+5.1839780729568985e-01 +5.5555555555555558e-01 +7.7715183786143986e-04 +7.7715183004194665e-04

+5.1910219270431024e-01 +5.5555555555555558e-01 +8.0676597253887656e-04 +8.0676580077676400e-04
+5.2031249999999996e-01 +8.8888888888888884e-01 +8.5761293283713935e-04 +8.5761265472384383e-04
+5.2152280729568978e-01 +5.5555555555555558e-01 +9.0840991879892734e-04 +9.0840991341600114e-04

+5.2222719270431017e-01 +5.5555555555555558e-01 +9.3794952773861712e-04 +9.3794935881199432e-04
+5.2343750000000000e-01 +8.8888888888888884e-01 +9.8866243496564051e-04 +9.8866216003089149e-04
+5.2464780729568983e-01 +5.5555555555555558e-01 +1.0393177904203467e-03 +1.0393177874760651e-03

+5.2535219270431022e-01 +5.5555555555555558e-01 +1.0687714855407309e-03 +1.0687713195147248e-03
+5.2656250000000004e-01 +8.8888888888888884e-01 +1.1193307889054108e-03 +1.1193305172552026e-03
+5.2777280729568987e-01 +5.5555555555555558e-01 +1.1698249852492377e-03 +1.1698249847447383e-03

+5.2847719270431026e-01 +5.5555555555555558e-01 +1.1991814115901690e-03 +1.1991812485287905e-03
+5.2968750000000009e-01 +8.8888888888888884e-01 +1.2495676195186177e-03 +1.2495673512576812e-03
+5.3089780729568981e-01 +5.5555555555555558e-01 +1.2998811902776766e-03 +1.2998811922131513e-03

+5.3160219270431019e-01 +5.5555555555555558e-01 +1.3291290303779745e-03 +1.3291288703440849e-03
+5.3281250000000002e-01 +8.8888888888888884e-01 +1.3793227180278933e-03 +1.3793224532596435e-03
+5.3402280729568985e-01 +5.5555555555555558e-01 +1.4294362663628949e-03 +1.4294362707376010e-03

+5.3472719270431024e-01 +5.5555555555555558e-01 +1.4585642446234483e-03 +1.4585640876787417e-03
+5.3593749999999996e-01 +8.8888888888888884e-01 +1.5085460613727657e-03 +1.5085458001992708e-03
+5.3714780729568978e-01 +5.5555555555555558e-01 +1.5584402675568689e-03 +1.5584402743691131e-03

+5.3785219270431017e-01 +5.5555555555555558e-01 +1.5874371545875805e-03 +1.5874370007925567e-03
+5.3906250000000000e-01 +8.8888888888888884e-01 +1.6371878314944963e-03 +1.6371875740164438e-03
+5.4027280729568983e-01 +5.5555555555555558e-01 +1.6868434603614397e-03 +1.6868434696085937e-03

+5.4097719270431022e-01 +5.5555555555555558e-01 +1.7156980773103750e-03 +1.7156979267243262e-03
+5.4218750000000004e-01 +8.8888888888888884e-01 +1.7651984345418890e-03 +1.7651981808585431e-03
+5.4339780729568987e-01 +5.5555555555555558e-01 +1.8145963429015014e-03 +1.8145963545800068e-03

+5.4410219270431026e-01 +5.5555555555555558e-01 +1.8432975657645563e-03 +1.8432974184455400e-03
+5.4531250000000009e-01 +8.8888888888888884e-01 +1.8925285199906713e-03 +1.8925282701998376e-03
+5.4652280729568981e-01 +5.5555555555555558e-01 +1.9416496640089526e-03 +1.9416496781143036e-03

+5.4722719270431019e-01 +5.5555555555555558e-01 +1.9701864279183540e-03 +1.9701862839231680e-03
+5.4843750000000002e-01 +8.8888888888888884e-01 +2.0191289996690696e-03 +2.0191287538670437e-03
+5.4964780729568985e-01 +5.5555555555555558e-01 +2.0679544422099322e-03 +2.0679544587367004e-03

+5.5035219270431024e-01 +5.5555555555555558e-01 +2.0963157456999840e-03 +2.0963156050841378e-03
+5.5156249999999996e-01 +8.8888888888888884e-01 +2.1449510666822161e-03 +2.1449508249637597e-03
+5.5277280729568978e-01 +5.5555555555555558e-01 +2.1934619846081310e-03 +2.1934620035499374e-03

+5.5347719270431017e-01 +5.5555555555555558e-01 +2.2216368938564475e-03 +2.2216367566741508e-03
+5.5468750000000000e-01 +8.8888888888888884e-01 +2.2699462142281488e-03 +2.2699459766864520e-03
+5.5589780729568983e-01 +5.5555555555555558e-01 +2.3181239056568053e-03 +2.3181239270063524e-03

+5.5660219270431022e-01 +5.5555555555555558e-01 +2.3461015586995412e-03 +2.3461014250036813e-03
+5.5781250000000004e-01 +8.8888888888888884e-01 +2.3940662542981006e-03 +2.3940660210247343e-03
+5.5902280729568987e-01 +5.5555555555555558e-01 +2.4418921458123567e-03 +2.4418921695613994e-03

+5.5972719270431026e-01 +5.5555555555555558e-01 +2.4696617567316797e-03 +2.4696616265737908e-03
+5.6093750000000009e-01 +8.8888888888888884e-01 +2.5172633362538933e-03 +2.5172631073387807e-03
+5.6214780729568981e-01 +5.5555555555555558e-01 +2.5647189900621552e-03 +2.5647190162015332e-03

+5.6285219270431019e-01 +5.5555555555555558e-01 +2.5922698531444378e-03 +2.5922697265746935e-03
+5.6406250000000002e-01 +8.8888888888888884e-01 +2.6394899652752535e-03 +2.6394897408066505e-03
+5.6527280729568985e-01 +5.5555555555555558e-01 +2.6865570863196147e-03 +2.6865571148392679e-03

+5.6597719270431024e-01 +5.5555555555555558e-01 +2.7138785801826856e-03 +2.7138784572498954e-03
+5.6718749999999996e-01 +8.8888888888888884e-01 +2.7606990206699997e-03 +2.7606988007344547e-03
+5.6839780729568978e-01 +5.5555555555555558e-01 +2.8073594636793299e-03 +2.8073594945682749e-03

+5.6910219270431006e-01 +5.5555555555555558e-01 +2.8344410553672122e-03 +2.8344409361187807e-03
+5.7031250000000000e-01 +8.8888888888888884e-01 +2.8808437740399668e-03 +2.8808435587222756e-03
+5.7152280729568994e-01 +5.5555555555555558e-01 +2.9270795505252881e-03 +2.9270795837716031e-03

+5.7222719270431022e-01 +5.5555555555555558e-01 +2.9539107995688774e-03 +2.9539106840507545e-03
+5.7343750000000004e-01 +8.8888888888888884e-01 +2.9998779072957045e-03 +2.9998776966788446e-03
+5.7464780729568987e-01 +5.5555555555555558e-01 +3.0456711924850290e-03 +3.0456712280758714e-03

+5.7535219270431026e-01 +5.5555555555555558e-01 +3.0722417549270630e-03 +3.0722416431837626e-03
+5.7656250000000009e-01 +8.8888888888888884e-01 +3.1177555305128913e-03 +3.1177553246780616e-03
+5.7777280729568981e-01 +5.5555555555555558e-01 +3.1630886702230469e-03 +3.1630887081447140e-03

+5.7847719270431019e-01 +5.5555555555555558e-01 +3.1893883026058879e-03 +3.1893881946805256e-03
+5.7968750000000002e-01 +8.8888888888888884e-01 +3.2344311996238616e-03 +3.2344309986504249e-03
+5.8089780729568985e-01 +5.5555555555555558e-01 +3.2792867170665539e-03 +3.2792867573044246e-03

+5.8160219270431024e-01 +5.5555555555555558e-01 +3.3053052803812860e-03 +3.3053051763154632e-03
+5.8281249999999996e-01 +8.8888888888888884e-01 +3.3498599339371266e-03 +3.3498597379025999e-03
+5.8402280729568978e-01 +5.5555555555555558e-01 +3.3942205364565067e-03 +3.3942205789951126e-03

+5.8472719270431017e-01 +5.5555555555555558e-01 +3.4199480000517072e-03 +3.4199478998855662e-03
+5.8593750000000000e-01 +8.8888888888888884e-01 +3.4639972334783884e-03 +3.4639970424583215e-03
+5.8714780729568983e-01 +5.5555555555555558e-01 +3.5078458192177556e-03 +3.5078458640406605e-03

+5.8785219270431022e-01 +5.5555555555555558e-01 +3.5332722646664503e-03 +3.5332721684385843e-03
+5.8906250000000004e-01 +8.8888888888888884e-01 +3.5767990961459409e-03 +3.5767989102139771e-03
+5.9027280729568987e-01 +5.5555555555555558e-01 +3.6201187606408002e-03 +3.6201188077307211e-03

+5.9097719270431026e-01 +5.5555555555555558e-01 +3.6452343855642661e-03 +3.6452342933117571e-03
+5.9218750000000009e-01 +8.8888888888888884e-01 +3.6882220346744713e-03 +3.6882218539022664e-03
+5.9339780729568981e-01 +5.5555555555555558e-01 +3.7309960773695200e-03 +3.7309961267082861e-03

+5.9410219270431019e-01 +5.5555555555555558e-01 +3.7557911992162347e-03 +3.7557911109746471e-03
+5.9531250000000002e-01 +8.8888888888888884e-01 +3.7982230934001009e-03 +3.7982229178573582e-03
+5.9652280729568985e-01 +5.5555555555555558e-01 +3.8404350240876309e-03 +3.8404350756562496e-03

+5.9722719270431024e-01 +5.5555555555555558e-01 +3.8649000838661255e-03 +3.8648999996695088e-03
+5.9843750000000007e-01 +8.8888888888888884e-01 +3.9067598648207255e-03 +3.9067596945751414e-03
+5.9964780729568989e-01 +5.5555555555555558e-01 +3.9483934099979303e-03 +3.9483934637765247e-03

+6.0035219270431028e-01 +5.5555555555555558e-01 +3.9725189759619670e-03 +3.9725188958427624e-03
+6.0156250000000000e-01 +8.8888888888888884e-01 +4.0137905059449168e-03 +4.0137903410620915e-03
+6.0277280729568994e-01 +5.5555555555555558e-01 +4.0548296150876122e-03 +4.0548296710554077e-03

+6.0347719270431022e-01 +5.5555555555555558e-01 +4.0786063863722443e-03 +4.0786063103613098e-03
+6.0468750000000004e-01 +8.8888888888888884e-01 +4.1192737544230697e-03 +4.1192735949665731e-03
+6.0589780729568987e-01 +5.5555555555555558e-01 +4.1597026061734261e-03 +4.1597026643088826e-03

+6.0660219270431026e-01 +5.5555555555555558e-01 +4.1831214163807091e-03 +4.1831213445073963e-03
+6.0781250000000009e-01 +8.8888888888888884e-01 +4.2231689444549129e-03 +4.2231687904862383e-03
+6.0902280729568981e-01 +5.5555555555555558e-01 +4.2629719527210088e-03 +4.2629720130017068e-03

+6.0972719270431019e-01 +5.5555555555555558e-01 +4.2860237734538087e-03 +4.2860237057458159e-03
+6.1093750000000002e-01 +8.8888888888888884e-01 +4.3254360224669565e-03 +4.3254358740454730e-03
+6.1214780729568985e-01 +5.5555555555555558e-01 +4.3645978424314176e-03 +4.3645979048341395e-03

+6.1285219270431024e-01 +5.5555555555555558e-01 +4.3872737867740527e-03 +4.3872737232574831e-03
+6.1406250000000007e-01 +8.8888888888888884e-01 +4.4260355625539297e-03 +4.4260354197368304e-03
+6.1527280729568989e-01 +5.5555555555555558e-01 +4.4645410965896927e-03 +4.4645411610903405e-03

+6.1597719270431028e-01 +5.5555555555555558e-01 +4.4868324225339502e-03 +4.4868323632332617e-03
+6.1718750000000000e-01 +8.8888888888888884e-01 +4.5249287816781112e-03 +4.5249286445204397e-03
+6.1839780729568983e-01 +5.5555555555555558e-01 +4.5627631851687849e-03 +4.5627632517425106e-03

+6.1910219270431022e-01 +5.5555555555555558e-01 +4.5846612989841563e-03 +4.5846612439222507e-03
+6.2031250000000004e-01 +8.8888888888888884e-01 +4.6220775546209417e-03 +4.6220774231756356e-03
+6.2152280729568987e-01 +5.5555555555555558e-01 +4.6592262416838013e-03 +4.6592263103049673e-03

+6.2222719270431015e-01 +5.5555555555555558e-01 +4.6807227012306048e-03 +4.6807226504286918e-03
+6.2343750000000009e-01 +8.8888888888888884e-01 +4.7174444286812540e-03 +4.7174443029989310e-03
+6.2464780729568981e-01 +5.5555555555555558e-01 +4.7538930777902806e-03 +4.7538931484323718e-03

+6.2535219270431008e-01 +5.5555555555555558e-01 +4.7749795957741309e-03 +4.7749795492517625e-03
+6.2656250000000002e-01 +8.8888888888888884e-01 +4.8109926381136470e-03 +4.8109925182427595e-03
+6.2777280729568985e-01 +5.5555555555555558e-01 +4.8467271976207534e-03 +4.8467272702565640e-03

+6.2847719270431024e-01 +5.5555555555555558e-01 +4.8673956447875550e-03 +4.8673956025627125e-03
+6.2968750000000007e-01 +8.8888888888888884e-01 +4.9026861183025829e-03 +4.9026860042893786e-03
+6.3089780729568989e-01 +5.5555555555555558e-01 +4.9376928118548512e-03 +4.9376928864564027e-03

+6.3160219270431028e-01 +5.5555555555555558e-01 +4.9579352201247926e-03 +4.9579351822137598e-03
+6.3281250000000000e-01 +8.8888888888888884e-01 +4.9924895196659979e-03 +4.9924894115544460e-03
+6.3402280729568983e-01 +5.5555555555555558e-01 +5.0267548515166736e-03 +5.0267549280552260e-03

+6.3472719270431022e-01 +5.5555555555555558e-01 +5.0465634170560464e-03 +5.0465633834734505e-03
+6.3593750000000004e-01 +8.8888888888888884e-01 +5.0803682212832262e-03 +5.0803681191149818e-03
+6.3714780729568987e-01 +5.5555555555555558e-01 +5.1138789814946326e-03 +5.1138790599406332e-03

+6.3785219270431026e-01 +5.5555555555555558e-01 +5.1332460677243523e-03 +5.1332460384830875e-03
+6.3906250000000009e-01 +8.8888888888888884e-01 +5.1662883442419715e-03 +5.1662882480563704e-03
+6.4027280729568981e-01 +5.5555555555555558e-01 +5.1990316137781479e-03 +5.1990316941012919e-03

+6.4097719270431019e-01 +5.5555555555555558e-01 +5.2179497543177814e-03 +5.2179497294290809e-03
+6.4218750000000002e-01 +8.8888888888888884e-01 +5.2502167646992122e-03 +5.2502166745333374e-03
+6.4339780729568985e-01 +5.5555555555555558e-01 +5.2821799204064053e-03 +5.2821800025757842e-03

+6.4410219270431024e-01 +5.5555555555555558e-01 +5.3006418219526457e-03 +5.3006418014261694e-03
+6.4531250000000007e-01 +8.8888888888888884e-01 +5.3321211266511509e-03 +5.3321210425398297e-03
+6.4652280729568989e-01 +5.5555555555555558e-01 +5.3632918461244145e-03 +5.3632919301083905e-03

+6.4722719270431028e-01 +5.5555555555555558e-01 +5.3812903912627830e-03 +5.3812903751064766e-03
+6.4843750000000000e-01 +8.8888888888888884e-01 +5.4119698544071795e-03 +5.4119697763828564e-03
+6.4964780729568983e-01 +5.5555555555555558e-01 +5.4423361207408018e-03 +5.4423362065070075e-03

+6.5035219270431011e-01 +5.5555555555555558e-01 +5.4598643706895390e-03 +5.4598643589096304e-03
+6.5156250000000004e-01 +8.8888888888888884e-01 +5.4897321647628151e-03 +5.4897320928555364e-03
+6.5277280729568987e-01 +5.5555555555555558e-01 +5.5192822711830876e-03 +5.5192823586984125e-03

+6.5347719270431015e-01 +5.5555555555555558e-01 +5.5363334684681940e-03 +5.5363334610691603e-03
+6.5468750000000009e-01 +8.8888888888888884e-01 +5.5653780788671291e-03 +5.5653780131045922e-03
+6.5589780729568981e-01 +5.5555555555555558e-01 +5.5941006332454945e-03 +5.5941007224761937e-03

+6.5660219270431019e-01 +5.5555555555555558e-01 +5.6106682043057876e-03 +5.6106682012905217e-03
+6.5781250000000002e-01 +8.8888888888888884e-01 +5.6388784337801853e-03 +5.6388783741877788e-03
+6.5902280729568985e-01 +5.5555555555555558e-01 +5.6667623630251825e-03 +5.6667624539368869e-03

+6.5972719270431024e-01 +5.5555555555555558e-01 +5.6828399207466771e-03 +5.6828399221163332e-03
+6.6093750000000007e-01 +8.8888888888888884e-01 +5.7102048937161080e-03 +5.7102048403167623e-03
+6.6214780729568989e-01 +5.5555555555555558e-01 +5.7372394480422169e-03 +5.7372395405998330e-03

+6.6285219270431028e-01 +5.5555555555555558e-01 +5.7528207942203428e-03 +5.7528207999743668e-03
+6.6406250000000000e-01 +8.8888888888888884e-01 +5.7793299609667590e-03 +5.7793299137810826e-03
+6.6527280729568983e-01 +5.5555555555555558e-01 +5.8055047180386359e-03 +5.8055048122065273e-03

+6.6597719270431022e-01 +5.5555555555555558e-01 +5.8205838457678289e-03 +5.8205838559040558e-03
+6.6718750000000004e-01 +8.8888888888888884e-01 +5.8462269865028303e-03 +5.8462269455490674e-03
+6.6839780729568987e-01 +5.5555555555555558e-01 +5.8715318554533914e-03 +5.8715319511952824e-03

+6.6910219270431026e-01 +5.5555555555555558e-01 +5.8861029514428896e-03 +5.8861029659574180e-03
+6.7031250000000009e-01 +8.8888888888888884e-01 +5.9108701802476384e-03 +5.9108701455415254e-03
+6.7152280729568981e-01 +5.5555555555555558e-01 +5.9352954055682198e-03 +5.9352955028471287e-03

+6.7222719270431019e-01 +5.5555555555555558e-01 +5.9493528523831439e-03 +5.9493528712703074e-03
+6.7343750000000002e-01 +8.8888888888888884e-01 +5.9732346210194321e-03 +5.9732345925743169e-03
+6.7464780729568985e-01 +5.5555555555555558e-01 +5.9967707863206833e-03 +5.9967708850991140e-03

+6.7535219270431024e-01 +5.5555555555555558e-01 +6.0103091645476716e-03 +6.0103091878002156e-03
+6.7656250000000007e-01 +8.8888888888888884e-01 +6.0332962661390505e-03 +6.0332962439659547e-03
+6.7777280729568989e-01 +5.5555555555555558e-01 +6.0559342977812196e-03 +6.0559343980211401e-03

+6.7847719270431028e-01 +5.5555555555555558e-01 +6.0689483881177647e-03 +6.0689484157267605e-03
+6.7968750000000000e-01 +8.8888888888888884e-01 +6.0910319606990362e-03 +6.0910319448064980e-03
+6.8089780729568994e-01 +5.5555555555555558e-01 +6.1127631312900225e-03 +6.1127632329527485e-03

+6.8160219270431022e-01 +5.5555555555555558e-01 +6.1252479165565575e-03 +6.1252479485113262e-03
+6.8281250000000004e-01 +8.8888888888888884e-01 +6.1464194464901072e-03 +6.1464194368842252e-03
+6.8402280729568998e-01 +5.5555555555555558e-01 +6.1672353782499401e-03 +6.1672354812962859e-03

+6.8472719270431026e-01 +5.5555555555555558e-01 +6.1791860453240957e-03 +6.1791860816123173e-03
+6.8593750000000009e-01 +8.8888888888888884e-01 +6.1994373705820905e-03 +6.1994373672665908e-03
+6.8714780729568981e-01 +5.5555555555555558e-01 +6.2193300385728250e-03 +6.2193301429630836e-03

+6.8785219270431019e-01 +5.5555555555555558e-01 +6.2307419802449396e-03 +6.2307420208526599e-03
+6.8906250000000002e-01 +8.8888888888888884e-01 +6.2500652935560206e-03 +6.2500652965321868e-03
+6.9027280729568985e-01 +5.5555555555555558e-01 +6.2690270287755027e-03 +6.2690271344694112e-03

+6.9097719270431024e-01 +5.5555555555555558e-01 +6.2798958455248426e-03 +6.2798958904363685e-03
+6.9218750000000007e-01 +8.8888888888888884e-01 +6.2982836973838677e-03 +6.2982837066505402e-03
+6.9339780729568989e-01 +5.5555555555555558e-01 +6.3163071897222173e-03 +6.3163072966790149e-03

+6.9410219270431028e-01 +5.5555555555555558e-01 +6.3266286914130240e-03 +6.3266287406110308e-03
+6.9531250000000000e-01 +8.8888888888888884e-01 +6.3440739929530882e-03 +6.3440740085066666e-03
+6.9652280729568983e-01 +5.5555555555555558e-01 +6.3611522940108939e-03 +6.3611524021893401e-03

+6.9722719270431022e-01 +5.5555555555555558e-01 +6.3709225015077817e-03 +6.3709225549733019e-03
+6.9843750000000004e-01 +8.8888888888888884e-01 +6.3874185272330538e-03 +6.3874185490675446e-03
+6.9964780729568987e-01 +5.5555555555555558e-01 +6.4035450530001712e-03 +6.4035451623585503e-03

+7.0035219270431026e-01 +5.5555555555555558e-01 +6.4127601997021515e-03 +6.4127602574145766e-03
+7.0156250000000009e-01 +8.8888888888888884e-01 +6.4283005900806559e-03 +6.4283006181876864e-03
+7.0277280729568981e-01 +5.5555555555555558e-01 +6.4434691234743881e-03 +6.4434692339706149e-03

+7.0347719270431019e-01 +5.5555555555555558e-01 +6.4521256567670127e-03 +6.4521257187041435e-03
+7.0468750000000002e-01 +8.8888888888888884e-01 +6.4667044206824812e-03 +6.4667044550512183e-03
+7.0589780729568985e-01 +5.5555555555555558e-01 +6.4809091139444771e-03 +6.4809092255359415e-03

+7.0660219270431024e-01 +5.5555555555555558e-01 +6.4890036965693431e-03 +6.4890037627073245e-03
+7.0781250000000007e-01 +8.8888888888888884e-01 +6.5026152136307596e-03 +6.5026152542479827e-03
+7.0902280729568989e-01 +5.5555555555555558e-01 +6.5158505905813947e-03 +6.5158507032250755e-03

+7.0972719270431017e-01 +5.5555555555555558e-01 +6.5233801019228647e-03 +6.5233801722361460e-03
+7.1093750000000000e-01 +8.8888888888888884e-01 +6.5360191246313240e-03 +6.5360191714812924e-03
+7.1214780729568994e-01 +5.5555555555555558e-01 +6.5482800827808508e-03 +6.5482801964332283e-03

+7.1285219270431022e-01 +5.5555555555555558e-01 +6.5552416200689570e-03 +6.5552416945303532e-03
+7.1406250000000004e-01 +8.8888888888888884e-01 +6.5669032758405672e-03 +6.5669033289051850e-03
+7.1527280729568987e-01 +5.5555555555555558e-01 +6.5781850883561378e-03 +6.5781852029734422e-03

+7.1597719270431026e-01 +5.5555555555555558e-01 +6.5845759677857002e-03 +6.5845760463665876e-03
+7.1718750000000009e-01 +8.8888888888888884e-01 +6.5952557608301666e-03 +6.5952558200890630e-03
+7.1839780729568981e-01 +5.5555555555555558e-01 +6.6055540783583602e-03 +6.6055541938964289e-03

+7.1910219270431019e-01 +5.5555555555555558e-01 +6.6113718361237288e-03 +6.6113719187938114e-03
+7.2031250000000002e-01 +8.8888888888888884e-01 +6.6210656491775552e-03 +6.6210657146078622e-03
+7.2152280729568985e-01 +5.5555555555555558e-01 +6.6303765015209076e-03 +6.6303766179351973e-03

+7.2222719270431024e-01 +5.5555555555555558e-01 +6.6356188947657184e-03 +6.6356189814931231e-03
+7.2343750000000007e-01 +8.8888888888888884e-01 +6.6443229906794389e-03 +6.6443230622559328e-03
+7.2464780729568989e-01 +5.5555555555555558e-01 +6.6526427883271261e-03 +6.6526429055727629e-03

+7.2535219270431028e-01 +5.5555555555555558e-01 +6.6573077960089743e-03 +6.6573078867602862e-03
+7.2656250000000000e-01 +8.8888888888888884e-01 +6.6650188191879111e-03 +6.6650188968830314e-03
+7.2777280729568983e-01 +5.5555555555555558e-01 +6.6723443546995659e-03 +6.6723444727313820e-03

+7.2847719270431022e-01 +5.5555555555555558e-01 +6.6764301783691984e-03 +6.6764302731094549e-03
+7.2968750000000004e-01 +8.8888888888888884e-01 +6.6831451560671702e-03 +6.6831452398509470e-03
+7.3089780729568987e-01 +5.5555555555555558e-01 +6.6894736053094558e-03 +6.6894737240818791e-03

+7.3160219270431015e-01 +5.5555555555555558e-01 +6.6929786698040773e-03 +6.6929787684966774e-03
+7.3281250000000009e-01 +8.8888888888888884e-01 +6.6986950132693198e-03 +6.6986951031094135e-03
+7.3402280729568981e-01 +5.5555555555555558e-01 +6.7040239365045466e-03 +6.7040240559717882e-03

+7.3472719270431019e-01 +5.5555555555555558e-01 +6.7069468905550638e-03 +6.7069469931619703e-03
+7.3593750000000002e-01 +8.8888888888888884e-01 +6.7116623960283579e-03 +6.7116624918901408e-03
+7.3714780729568985e-01 +5.5555555555555558e-01 +6.7159897388551406e-03 +6.7159898589711888e-03

+7.3785219270431024e-01 +5.5555555555555558e-01 +6.7183294556071296e-03 +6.7183295620888263e-03
+7.3906250000000007e-01 +8.8888888888888884e-01 +6.7220423051713692e-03 +6.7220424070179073e-03
+7.4027280729568989e-01 +5.5555555555555558e-01 +6.7253663993167333e-03 +6.7253665200352440e-03

+7.4097719270431028e-01 +5.5555555555555558e-01 +6.7271219767648634e-03 +6.7271220870802461e-03
+7.4218750000000000e-01 +8.8888888888888884e-01 +6.7298307390458384e-03 +6.7298308468378412e-03
+7.4339780729568983e-01 +5.5555555555555558e-01 +6.7321503030081777e-03 +6.7321504242826204e-03

+7.4410219270431022e-01 +5.5555555555555558e-01 +6.7333210643439126e-03 +6.7333211784504736e-03
+7.4531250000000004e-01 +8.8888888888888884e-01 +6.7350246950622292e-03 +6.7350248087581317e-03
+7.4652280729568987e-01 +5.5555555555555558e-01 +6.7363388346055094e-03 +6.7363389563890935e-03

+7.4722719270431026e-01 +5.5555555555555558e-01 +6.7369243284780608e-03 +6.7369244463317797e-03
+7.4843750000000009e-01 +8.8888888888888884e-01 +6.7376221708516032e-03 +6.7376222904075881e-03
+7.4964780729568981e-01 +5.5555555555555558e-01 +6.7379303793499729e-03 +6.7379305015958044e-03

+7.5035219270431019e-01 +5.5555555555555558e-01 +6.7379303800402966e-03 +6.7379305015958044e-03
+7.5156250000000002e-01 +8.8888888888888884e-01 +6.7376221650375743e-03 +6.7376222904075881e-03
+7.5277280729568985e-01 +5.5555555555555558e-01 +6.7369243236708176e-03 +6.7369244463317797e-03

+7.5347719270431024e-01 +5.5555555555555558e-01 +6.7363388311786603e-03 +6.7363389563890935e-03
+7.5468750000000007e-01 +8.8888888888888884e-01 +6.7350246776224322e-03 +6.7350248087581317e-03
+7.5589780729568989e-01 +5.5555555555555558e-01 +6.7333210554216833e-03 +6.7333211784504736e-03

+7.5660219270431028e-01 +5.5555555555555558e-01 +6.7321502954655558e-03 +6.7321504242826196e-03
+7.5781250000000000e-01 +8.8888888888888884e-01 +6.7298307099870076e-03 +6.7298308468378412e-03
+7.5902280729568983e-01 +5.5555555555555558e-01 +6.7271219637310429e-03 +6.7271220870802461e-03

+7.5972719270431022e-01 +5.5555555555555558e-01 +6.7253663876611748e-03 +6.7253665200352440e-03
+7.6093750000000004e-01 +8.8888888888888884e-01 +6.7220422645047004e-03 +6.7220424070179073e-03
+7.6214780729568987e-01 +5.5555555555555558e-01 +6.7183294384667901e-03 +6.7183295620888255e-03

+7.6285219270431015e-01 +5.5555555555555558e-01 +6.7159897230911871e-03 +6.7159898589711888e-03
+7.6406250000000009e-01 +8.8888888888888884e-01 +6.7116623437695252e-03 +6.7116624918901399e-03
+7.6527280729568992e-01 +5.5555555555555558e-01 +6.7069468693147912e-03 +6.7069469931619703e-03

+7.6597719270431019e-01 +5.5555555555555558e-01 +6.7040239166382930e-03 +6.7040240559717882e-03
+7.6718750000000002e-01 +8.8888888888888884e-01 +6.6986949494385649e-03 +6.6986951031094135e-03
+7.6839780729568985e-01 +5.5555555555555558e-01 +6.6929786444721454e-03 +6.6929787684966774e-03

+7.6910219270431024e-01 +5.5555555555555558e-01 +6.6894735813486147e-03 +6.6894737240818791e-03
+7.7031250000000007e-01 +8.8888888888888884e-01 +6.6831450806890558e-03 +6.6831452398509470e-03
+7.7152280729568989e-01 +5.5555555555555558e-01 +6.6764301489552801e-03 +6.6764302731094540e-03

+7.7222719270431028e-01 +5.5555555555555558e-01 +6.6723443266532645e-03 +6.6723444727313811e-03
+7.7343750000000000e-01 +8.8888888888888884e-01 +6.6650187322913838e-03 +6.6650188968830314e-03
+7.7464780729568983e-01 +5.5555555555555558e-01 +6.6573077625243487e-03 +6.6573078867602862e-03

+7.7535219270431022e-01 +5.5555555555555558e-01 +6.6526427562061457e-03 +6.6526429055727629e-03
+7.7656250000000004e-01 +8.8888888888888884e-01 +6.6443228922980118e-03 +6.6443230622559319e-03
+7.7777280729568987e-01 +5.5555555555555558e-01 +6.6356188572232692e-03 +6.6356189814931223e-03

+7.7847719270431026e-01 +5.5555555555555558e-01 +6.6303764653376038e-03 +6.6303766179351973e-03
+7.7968750000000009e-01 +8.8888888888888884e-01 +6.6210655393491580e-03 +6.6210657146078622e-03
+7.8089780729568981e-01 +5.5555555555555558e-01 +6.6113717945379931e-03 +6.6113719187938123e-03

+7.8160219270431019e-01 +5.5555555555555558e-01 +6.6055540381267531e-03 +6.6055541938964289e-03
+7.8281250000000002e-01 +8.8888888888888884e-01 +6.5952556395972020e-03 +6.5952558200890622e-03
+7.8402280729568985e-01 +5.5555555555555558e-01 +6.5845759221727328e-03 +6.5845760463665868e-03

+7.8472719270431024e-01 +5.5555555555555558e-01 +6.5781850440917644e-03 +6.5781852029734404e-03
+7.8593750000000007e-01 +8.8888888888888884e-01 +6.5669031432497808e-03 +6.5669033289051833e-03
+7.8714780729568989e-01 +5.5555555555555558e-01 +6.5552415704463740e-03 +6.5552416945303523e-03

+7.8785219270431028e-01 +5.5555555555555558e-01 +6.5482800345007895e-03 +6.5482801964332257e-03
+7.8906250000000000e-01 +8.8888888888888884e-01 +6.5360189807338607e-03 +6.5360191714812924e-03
+7.9027280729568983e-01 +5.5555555555555558e-01 +6.5233800483098037e-03 +6.5233801722361460e-03

+7.9097719270431011e-01 +5.5555555555555558e-01 +6.5158505383042641e-03 +6.5158507032250755e-03
+7.9218750000000004e-01 +8.8888888888888884e-01 +6.5026150584820567e-03 +6.5026152542479810e-03
+7.9339780729568998e-01 +5.5555555555555558e-01 +6.4890036389863960e-03 +6.4890037627073228e-03

+7.9410219270431026e-01 +5.5555555555555558e-01 +6.4809090576903273e-03 +6.4809092255359397e-03
+7.9531250000000009e-01 +8.8888888888888884e-01 +6.4667042543422489e-03 +6.4667044550512174e-03
+7.9652280729568981e-01 +5.5555555555555558e-01 +6.4521255952363311e-03 +6.4521257187041443e-03

+7.9722719270431019e-01 +5.5555555555555558e-01 +6.4434690632649248e-03 +6.4434692339706149e-03
+7.9843750000000002e-01 +8.8888888888888884e-01 +6.4283004126131022e-03 +6.4283006181876847e-03
+7.9964780729568985e-01 +5.5555555555555558e-01 +6.4127601342475480e-03 +6.4127602574145758e-03

+8.0035219270431024e-01 +5.5555555555555558e-01 +6.4035449888586614e-03 +6.4035451623585494e-03
+8.0156250000000007e-01 +8.8888888888888884e-01 +6.3874183387066128e-03 +6.3874185490675429e-03
+8.0277280729568989e-01 +5.5555555555555558e-01 +6.3709224321544756e-03 +6.3709225549733002e-03

+8.0347719270431028e-01 +5.5555555555555558e-01 +6.3611522259620391e-03 +6.3611524021893384e-03
+8.0468750000000000e-01 +8.8888888888888884e-01 +6.3440737934404214e-03 +6.3440740085066666e-03
+8.0589780729568983e-01 +5.5555555555555558e-01 +6.3266286181877813e-03 +6.3266287406110290e-03

+8.0660219270431022e-01 +5.5555555555555558e-01 +6.3163071177923238e-03 +6.3163072966790140e-03
+8.0781250000000004e-01 +8.8888888888888884e-01 +6.2982834869619829e-03 +6.2982837066505384e-03
+8.0902280729568987e-01 +5.5555555555555558e-01 +6.2798957684559288e-03 +6.2798958904363667e-03

+8.0972719270431026e-01 +5.5555555555555558e-01 +6.2690269529922758e-03 +6.2690271344694112e-03
+8.1093750000000009e-01 +8.8888888888888884e-01 +6.2500650723059208e-03 +6.2500652965321859e-03
+8.1214780729568981e-01 +5.5555555555555558e-01 +6.2307418993619492e-03 +6.2307420208526599e-03

+8.1285219270431019e-01 +5.5555555555555558e-01 +6.2193299589653741e-03 +6.2193301429630844e-03
+8.1406250000000002e-01 +8.8888888888888884e-01 +6.1994371385890772e-03 +6.1994373672665890e-03
+8.1527280729568985e-01 +5.5555555555555558e-01 +6.1791859606582702e-03 +6.1791860816123156e-03

+8.1597719270431024e-01 +5.5555555555555558e-01 +6.1672352948490793e-03 +6.1672354812962816e-03
+8.1718750000000007e-01 +8.8888888888888884e-01 +6.1464192038436965e-03 +6.1464194368842234e-03
+8.1839780729568989e-01 +5.5555555555555558e-01 +6.1252478281405504e-03 +6.1252479485113254e-03

+8.1910219270431017e-01 +5.5555555555555558e-01 +6.1127630441278310e-03 +6.1127632329527459e-03
+8.2031250000000000e-01 +8.8888888888888884e-01 +6.0910317074927165e-03 +6.0910319448064980e-03
+8.2152280729568994e-01 +5.5555555555555558e-01 +6.0689482959856321e-03 +6.0689484157267562e-03

+8.2222719270431022e-01 +5.5555555555555558e-01 +6.0559342068913250e-03 +6.0559343980211384e-03
+8.2343750000000004e-01 +8.8888888888888884e-01 +6.0332960024704566e-03 +6.0332962439659530e-03
+8.2464780729568987e-01 +5.5555555555555558e-01 +6.0103090687349649e-03 +6.0103091878002130e-03

+8.2535219270431026e-01 +5.5555555555555558e-01 +5.9967706917381462e-03 +5.9967708850991123e-03
+8.2656250000000009e-01 +8.8888888888888884e-01 +5.9732343469901935e-03 +5.9732345925743151e-03
+8.2777280729568981e-01 +5.5555555555555558e-01 +5.9493527529267745e-03 +5.9493528712703083e-03

+8.2847719270431019e-01 +5.5555555555555558e-01 +5.9352953073294997e-03 +5.9352955028471287e-03
+8.2968750000000002e-01 +8.8888888888888884e-01 +5.9108698959634510e-03 +5.9108701455415228e-03
+8.3089780729568985e-01 +5.5555555555555558e-01 +5.8861028483812236e-03 +5.8861029659574154e-03

+8.3160219270431024e-01 +5.5555555555555558e-01 +5.8715317535963331e-03 +5.8715319511952815e-03
+8.3281250000000007e-01 +8.8888888888888884e-01 +5.8462266920731873e-03 +5.8462269455490656e-03
+8.3402280729568989e-01 +5.5555555555555558e-01 +5.8205837391404891e-03 +5.8205838559040541e-03

+8.3472719270431028e-01 +5.5555555555555558e-01 +5.8055046126024258e-03 +5.8055048122065255e-03
+8.3593750000000000e-01 +8.8888888888888884e-01 +5.7793296565051841e-03 +5.7793299137810826e-03
+8.3714780729568983e-01 +5.5555555555555558e-01 +5.7528206840685089e-03 +5.7528207999743642e-03

+8.3785219270431022e-01 +5.5555555555555558e-01 +5.7372393390675821e-03 +5.7372395405998304e-03
+8.3906250000000004e-01 +8.8888888888888884e-01 +5.7102045793400317e-03 +5.7102048403167589e-03
+8.4027280729568987e-01 +5.5555555555555558e-01 +5.6828398071128629e-03 +5.6828399221163324e-03

+8.4097719270431026e-01 +5.5555555555555558e-01 +5.6667622505541752e-03 +5.6667624539368851e-03
+8.4218750000000009e-01 +8.8888888888888884e-01 +5.6388781096108074e-03 +5.6388783741877771e-03
+8.4339780729568981e-01 +5.5555555555555558e-01 +5.6106680872337741e-03 +5.6106682012905225e-03

+8.4410219270431019e-01 +5.5555555555555558e-01 +5.5941005173214525e-03 +5.5941007224761937e-03
+8.4531250000000002e-01 +8.8888888888888884e-01 +5.5653777450294312e-03 +5.5653780131045896e-03
+8.4652280729568985e-01 +5.5555555555555558e-01 +5.5363333480031333e-03 +5.5363334610691603e-03

+8.4722719270431024e-01 +5.5555555555555558e-01 +5.5192821518507320e-03 +5.5192823586984107e-03
+8.4843750000000007e-01 +8.8888888888888884e-01 +5.4897318213855233e-03 +5.4897320928555338e-03
+8.4964780729568989e-01 +5.5555555555555558e-01 +5.4598642468779036e-03 +5.4598643589096312e-03

+8.5035219270431028e-01 +5.5555555555555558e-01 +5.4423359980461314e-03 +5.4423362065070049e-03
+8.5156250000000000e-01 +8.8888888888888884e-01 +5.4119695016226219e-03 +5.4119697763828573e-03
+8.5277280729568994e-01 +5.5555555555555558e-01 +5.3812902641521944e-03 +5.3812903751064723e-03

+8.5347719270431022e-01 +5.5555555555555558e-01 +5.3632917201146303e-03 +5.3632919301083888e-03
+8.5468750000000004e-01 +8.8888888888888884e-01 +5.3321207645952908e-03 +5.3321210425398289e-03
+8.5589780729568987e-01 +5.5555555555555558e-01 +5.3006416915921456e-03 +5.3006418014261668e-03

+8.5660219270431026e-01 +5.5555555555555558e-01 +5.2821797911301611e-03 +5.2821800025757816e-03
+8.5781250000000009e-01 +8.8888888888888884e-01 +5.2502163935116775e-03 +5.2502166745333331e-03
+8.5902280729568981e-01 +5.5555555555555558e-01 +5.2179496207576401e-03 +5.2179497294290817e-03

+8.5972719270431019e-01 +5.5555555555555558e-01 +5.1990314812852744e-03 +5.1990316941012919e-03
+8.6093750000000002e-01 +8.8888888888888884e-01 +5.1662879640658734e-03 +5.1662882480563686e-03
+8.6214780729568985e-01 +5.5555555555555558e-01 +5.1332459310160896e-03 +5.1332460384830858e-03

+8.6285219270431024e-01 +5.5555555555555558e-01 +5.1138788458362540e-03 +5.1138790599406306e-03
+8.6406250000000007e-01 +8.8888888888888884e-01 +5.0803678322651558e-03 +5.0803681191149792e-03
+8.6527280729568989e-01 +5.5555555555555558e-01 +5.0465632772523743e-03 +5.0465633834734461e-03

+8.6597719270431028e-01 +5.5555555555555558e-01 +5.0267547127450631e-03 +5.0267549280552243e-03
+8.6718750000000000e-01 +8.8888888888888884e-01 +4.9924891219558995e-03 +4.9924894115544460e-03
+8.6839780729568983e-01 +5.5555555555555558e-01 +4.9579350772795501e-03 +4.9579351822137581e-03

+8.6910219270431022e-01 +5.5555555555555558e-01 +4.9376926700234469e-03 +4.9376928864563992e-03
+8.7031250000000004e-01 +8.8888888888888884e-01 +4.9026857120537315e-03 +4.9026860042893760e-03
+8.7152280729568987e-01 +5.5555555555555558e-01 +4.8673954989558081e-03 +4.8673956025627099e-03

+8.7222719270431015e-01 +5.5555555555555558e-01 +4.8467270527842478e-03 +4.8467272702565648e-03
+8.7343750000000009e-01 +8.8888888888888884e-01 +4.8109922234826777e-03 +4.8109925182427569e-03
+8.7464780729568992e-01 +5.5555555555555558e-01 +4.7749794470121135e-03 +4.7749795492517642e-03

+8.7535219270431019e-01 +5.5555555555555558e-01 +4.7538929300045525e-03 +4.7538931484323735e-03
+8.7656250000000002e-01 +8.8888888888888884e-01 +4.7174440058280571e-03 +4.7174443029989292e-03
+8.7777280729568985e-01 +5.5555555555555558e-01 +4.6807225495956962e-03 +4.6807226504286918e-03

+8.7847719270431024e-01 +5.5555555555555558e-01 +4.6592260910058294e-03 +4.6592263103049647e-03
+8.7968750000000007e-01 +8.8888888888888884e-01 +4.6220771237085326e-03 +4.6220774231756322e-03
+8.8089780729568989e-01 +5.5555555555555558e-01 +4.5846611445348072e-03 +4.5846612439222499e-03

+8.8160219270431028e-01 +5.5555555555555558e-01 +4.5627630316566175e-03 +4.5627632517425080e-03
+8.8281250000000000e-01 +8.8888888888888884e-01 +4.5249283428725681e-03 +4.5249286445204415e-03
+8.8402280729568983e-01 +5.5555555555555558e-01 +4.4868322653296979e-03 +4.4868323632332599e-03

+8.8472719270431022e-01 +5.5555555555555558e-01 +4.4645409403025514e-03 +4.4645411610903379e-03
+8.8593750000000004e-01 +8.8888888888888884e-01 +4.4260351160244939e-03 +4.4260354197368269e-03
+8.8714780729568987e-01 +5.5555555555555558e-01 +4.3872736268755442e-03 +4.3872737232574796e-03

+8.8785219270431026e-01 +5.5555555555555558e-01 +4.3645976834295885e-03 +4.3645979048341377e-03
+8.8906250000000009e-01 +8.8888888888888884e-01 +4.3254355683857585e-03 +4.3254358740454696e-03
+8.9027280729568981e-01 +5.5555555555555558e-01 +4.2860236109226483e-03 +4.2860237057458176e-03

+8.9097719270431019e-01 +5.5555555555555558e-01 +4.2629717910657094e-03 +4.2629720130017076e-03
+8.9218750000000002e-01 +8.8888888888888884e-01 +4.2231684829969404e-03 +4.2231687904862340e-03
+8.9339780729568985e-01 +5.5555555555555558e-01 +4.1831212512795281e-03 +4.1831213445073928e-03

+8.9410219270431024e-01 +5.5555555555555558e-01 +4.1597024419270014e-03 +4.1597026643088808e-03
+8.9531250000000007e-01 +8.8888888888888884e-01 +4.1192732857662619e-03 +4.1192735949665705e-03
+8.9652280729568989e-01 +5.5555555555555558e-01 +4.0786062187646802e-03 +4.0786063103613072e-03

+8.9722719270431028e-01 +5.5555555555555558e-01 +4.0548294483133476e-03 +4.0548296710553999e-03
+8.9843750000000000e-01 +8.8888888888888884e-01 +4.0137900302699399e-03 +4.0137903410620923e-03
+8.9964780729568983e-01 +5.5555555555555558e-01 +3.9725188059127050e-03 +3.9725188958427589e-03

+9.0035219270431011e-01 +5.5555555555555558e-01 +3.9483932407602092e-03 +3.9483934637765256e-03
+9.0156250000000004e-01 +8.8888888888888884e-01 +3.9067593823110197e-03 +3.9067596945751362e-03
+9.0277280729568987e-01 +5.5555555555555558e-01 +3.8648999114407247e-03 +3.8648999996695062e-03

+9.0347719270431015e-01 +5.5555555555555558e-01 +3.8404348524516694e-03 +3.8404350756562513e-03
+9.0468750000000009e-01 +8.8888888888888884e-01 +3.7982226042416354e-03 +3.7982229178573543e-03
+9.0589780729568981e-01 +5.5555555555555558e-01 +3.7557910244811199e-03 +3.7557911109746488e-03

+9.0660219270431019e-01 +5.5555555555555558e-01 +3.7309959034014547e-03 +3.7309961267082861e-03
+9.0781250000000002e-01 +8.8888888888888884e-01 +3.6882215390558197e-03 +3.6882218539022620e-03
+9.0902280729568985e-01 +5.5555555555555558e-01 +3.6452342085868052e-03 +3.6452342933117523e-03

+9.0972719270431024e-01 +5.5555555555555558e-01 +3.6201185844077074e-03 +3.6201188077307181e-03
+9.1093750000000007e-01 +8.8888888888888884e-01 +3.5767985942581956e-03 +3.5767989102139740e-03
+9.1214780729568989e-01 +5.5555555555555558e-01 +3.5332720855149068e-03 +3.5332721684385804e-03

+9.1285219270431028e-01 +5.5555555555555558e-01 +3.5078456407876017e-03 +3.5078458640406562e-03
+9.1406250000000000e-01 +8.8888888888888884e-01 +3.4639967255150157e-03 +3.4639970424583219e-03
+9.1527280729568983e-01 +5.5555555555555558e-01 +3.4199478187951224e-03 +3.4199478998855662e-03

+9.1597719270431022e-01 +5.5555555555555558e-01 +3.3942203558980700e-03 +3.3942205789951152e-03
+9.1718750000000004e-01 +8.8888888888888884e-01 +3.3498594200939763e-03 +3.3498597379026012e-03
+9.1839780729568987e-01 +5.5555555555555558e-01 +3.3053050970895119e-03 +3.3053051763154602e-03

+9.1910219270431026e-01 +5.5555555555555558e-01 +3.2792865344493812e-03 +3.2792867573044207e-03
+9.2031250000000009e-01 +8.8888888888888884e-01 +3.2344306800989649e-03 +3.2344309986504205e-03
+9.2152280729568981e-01 +5.5555555555555558e-01 +3.1893881173495919e-03 +3.1893881946805261e-03

+9.2222719270431019e-01 +5.5555555555555558e-01 +3.1630884856175870e-03 +3.1630887081447135e-03
+9.2343750000000002e-01 +8.8888888888888884e-01 +3.1177550055065816e-03 +3.1177553246780594e-03
+9.2464780729568985e-01 +5.5555555555555558e-01 +3.0722415677776767e-03 +3.0722416431837600e-03

+9.2535219270431024e-01 +5.5555555555555558e-01 +3.0456710059624664e-03 +3.0456712280758679e-03
+9.2656250000000007e-01 +8.8888888888888884e-01 +2.9998773770104109e-03 +2.9998776966788411e-03
+9.2777280729568989e-01 +5.5555555555555558e-01 +2.9539106105985909e-03 +2.9539106840507506e-03

+9.2847719270431028e-01 +5.5555555555555558e-01 +2.9270793621575366e-03 +2.9270795837715961e-03
+9.2968750000000000e-01 +8.8888888888888884e-01 +2.8808432386801157e-03 +2.8808435587222752e-03
+9.3089780729568994e-01 +5.5555555555555558e-01 +2.8344408646488609e-03 +2.8344409361187812e-03

+9.3160219270431022e-01 +5.5555555555555558e-01 +2.8073592735390115e-03 +2.8073594945682762e-03
+9.3281250000000004e-01 +8.8888888888888884e-01 +2.7606984804419885e-03 +2.7606988007344555e-03
+9.3402280729568998e-01 +5.5555555555555558e-01 +2.7138783877897780e-03 +2.7138784572498884e-03

+9.3472719270431026e-01 +5.5555555555555558e-01 +2.6865568944800028e-03 +2.6865571148392631e-03
+9.3593750000000009e-01 +8.8888888888888884e-01 +2.6394894203873136e-03 +2.6394897408066479e-03
+9.3714780729568981e-01 +5.5555555555555558e-01 +2.5922696591511485e-03 +2.5922697265746931e-03

+9.3785219270431019e-01 +5.5555555555555558e-01 +2.5647187965972241e-03 +2.5647190162015354e-03
+9.3906250000000002e-01 +8.8888888888888884e-01 +2.5172627869161170e-03 +2.5172631073387777e-03
+9.4027280729568985e-01 +5.5555555555555558e-01 +2.4696615612128056e-03 +2.4696616265737874e-03

+9.4097719270431024e-01 +5.5555555555555558e-01 +2.4418919507966956e-03 +2.4418921695613946e-03
+9.4218750000000007e-01 +8.8888888888888884e-01 +2.3940657007222722e-03 +2.3940660210247291e-03
+9.4339780729568989e-01 +5.5555555555555558e-01 +2.3461013617304656e-03 +2.3461014250036791e-03

+9.4410219270431028e-01 +5.5555555555555558e-01 +2.3181237091656035e-03 +2.3181239270063485e-03
+9.4531250000000000e-01 +8.8888888888888884e-01 +2.2699456566276730e-03 +2.2699459766864537e-03
+9.4652280729568983e-01 +5.5555555555555558e-01 +2.2216366955130815e-03 +2.2216367566741521e-03

+9.4722719270431022e-01 +5.5555555555555558e-01 +2.1934617867171062e-03 +2.1934620035499379e-03
+9.4843750000000004e-01 +8.8888888888888884e-01 +2.1449505052720396e-03 +2.1449508249637601e-03
+9.4964780729568987e-01 +5.5555555555555558e-01 +2.0963155460587955e-03 +2.0963156050841330e-03

+9.5035219270431026e-01 +5.5555555555555558e-01 +2.0679542429953937e-03 +2.0679544587366978e-03
+9.5156250000000009e-01 +8.8888888888888884e-01 +2.0191284346656323e-03 +2.0191287538670398e-03
+9.5277280729568981e-01 +5.5555555555555558e-01 +1.9701862270563031e-03 +1.9701862839231698e-03

+9.5347719270431019e-01 +5.5555555555555558e-01 +1.9416494635476759e-03 +1.9416496781143047e-03
+9.5468750000000002e-01 +8.8888888888888884e-01 +1.8925279516117900e-03 +1.8925282701998340e-03
+9.5589780729568985e-01 +5.5555555555555558e-01 +1.8432973637590873e-03 +1.8432974184455359e-03

+9.5660219270431024e-01 +5.5555555555555558e-01 +1.8145961412708053e-03 +1.8145963545800042e-03
+9.5781250000000007e-01 +8.8888888888888884e-01 +1.7651978630067126e-03 +1.7651981808585401e-03
+9.5902280729568989e-01 +5.5555555555555558e-01 +1.7156978742393851e-03 +1.7156979267243227e-03

+9.5972719270431017e-01 +5.5555555555555558e-01 +1.6868432576390528e-03 +1.6868434696085952e-03
+9.6093750000000000e-01 +8.8888888888888884e-01 +1.6371872570233471e-03 +1.6371875740164451e-03
+9.6214780729568994e-01 +5.5555555555555558e-01 +1.5874369505293388e-03 +1.5874370007925517e-03

+9.6285219270431022e-01 +5.5555555555555558e-01 +1.5584400638209354e-03 +1.5584402743691128e-03
+9.6406250000000004e-01 +8.8888888888888884e-01 +1.5085454841871125e-03 +1.5085458001992702e-03
+9.6527280729568987e-01 +5.5555555555555558e-01 +1.4585640396566246e-03 +1.4585640876787389e-03

+9.6597719270431026e-01 +5.5555555555555558e-01 +1.4294360616919593e-03 +1.4294362707375971e-03
+9.6718750000000009e-01 +8.8888888888888884e-01 +1.3793221383502565e-03 +1.3793224532596393e-03
+9.6839780729568981e-01 +5.5555555555555558e-01 +1.3291288245815935e-03 +1.3291288703440862e-03

+9.6910219270431019e-01 +5.5555555555555558e-01 +1.2998809847506417e-03 +1.2998811922131516e-03
+9.7031250000000002e-01 +8.8888888888888884e-01 +1.2495670375724593e-03 +1.2495673512576766e-03
+9.7152280729568985e-01 +5.5555555555555558e-01 +1.1991812050435430e-03 +1.1991812485287856e-03

+9.7222719270431024e-01 +5.5555555555555558e-01 +1.1698247789453237e-03 +1.1698249847447351e-03
+9.7343750000000007e-01 +8.8888888888888884e-01 +1.1193302049150795e-03 +1.1193305172551989e-03
+9.7464780729568989e-01 +5.5555555555555558e-01 +1.0687712783235001e-03 +1.0687713195147209e-03

+9.7535219270431028e-01 +5.5555555555555558e-01 +1.0393175834191002e-03 +1.0393177874760599e-03
+9.7656250000000000e-01 +8.8888888888888884e-01 +9.8866184915628744e-04 +9.8866216003089193e-04
+9.7777280729568983e-01 +5.5555555555555558e-01 +9.3794931993068133e-04 +9.3794935881199432e-04

+9.7847719270431022e-01 +5.5555555555555558e-01 +9.0840971118015979e-04 +9.0840991341600299e-04
+9.7968750000000004e-01 +8.8888888888888884e-01 +8.5761234543461060e-04 +8.5761265472384534e-04
+9.8089780729568987e-01 +5.5555555555555558e-01 +8.0676576422034193e-04 +8.0676580077676042e-04

+9.8160219270431015e-01 +5.5555555555555558e-01 +7.7715162970518558e-04 +7.7715183004194806e-04
+9.8281250000000009e-01 +8.8888888888888884e-01 +7.2623221582836987e-04 +7.2623252341299659e-04
+9.8402280729568981e-01 +5.5555555555555558e-01 +6.7527118495041281e-04 +6.7527121916784085e-04

+9.8472719270431019e-01 +5.5555555555555558e-01 +6.4559394148320658e-04 +6.4559413984364457e-04
+9.8593750000000002e-01 +8.8888888888888884e-01 +5.9457210987846280e-04 +5.9457241563991281e-04
+9.8714780729568985e-01 +5.5555555555555558e-01 +5.4351627578429988e-04 +5.4351630764955380e-04

+9.8785219270431024e-01 +5.5555555555555558e-01 +5.1378736450733342e-04 +5.1378756081498791e-04
+9.8906250000000007e-01 +8.8888888888888884e-01 +4.6268278506199747e-04 +4.6268308888238754e-04
+9.9027280729568989e-01 +5.5555555555555558e-01 +4.1155183074756971e-04 +4.1155186024835884e-04

+9.9097719270431028e-01 +5.5555555555555558e-01 +3.8178271272205585e-04 +3.8178290690124382e-04
+9.9218750000000000e-01 +8.8888888888888884e-01 +3.3061508722432269e-04 +3.3061538898652889e-04
+9.9339780729568983e-01 +5.5555555555555558e-01 +2.7942872464584335e-04 +2.7942875177079933e-04

+9.9410219270431022e-01 +5.5555555555555558e-01 +2.4963087643346354e-04 +2.4963106840932236e-04
+9.9531250000000004e-01 +8.8888888888888884e-01 +1.9841993097698170e-04 +1.9842023056466129e-04
+9.9652280729568987e-01 +5.5555555555555558e-01 +1.4719789345159654e-04 +1.4719791819025374e-04

+9.9722719270431026e-01 +5.5555555555555558e-01 +1.1738280269006253e-04 +1.1738299238857847e-04
+9.9843750000000009e-01 +8.8888888888888884e-01 +6.6148280069151401e-05 +6.6148577366809193e-05
+9.9964780729568981e-01 +5.5555555555555558e-01 +1.4910314667385972e-05 +1.4910337010211297e-05


