+7.0438540862036440e-04 +5.5555555555555558e-01 -2.9822089796303694e-05 -2.9820601006157740e-05
+3.1250000000000002e-03 +8.8888888888888884e-01 -1.3229311639893508e-04 -1.3229077919605899e-04
+5.5456145913796362e-03 +5.5555555555555558e-01 -2.3473048325734999e-04 -2.3473035662451881e-04

+6.9543854086203654e-03 +5.5555555555555558e-01 -2.9432702646442791e-04 -2.9432557743151841e-04
+9.3750000000000014e-03 +8.8888888888888884e-01 -3.9667064920502601e-04 -3.9666835479528200e-04
+1.1795614591379637e-02 +5.5555555555555558e-01 -4.9891946432742038e-04 -4.9891937705887133e-04

+1.3204385408620366e-02 +5.5555555555555558e-01 -5.5837813219099198e-04 -5.5837672514962315e-04
+1.5625000000000000e-02 +8.8888888888888884e-01 -6.6043654462130078e-04 -6.6043429654250344e-04
+1.8045614591379641e-02 +5.5555555555555558e-01 -7.6233914774589810e-04 -7.6233909997619985e-04

+1.9454385408620368e-02 +5.5555555555555558e-01 -8.2156825930976903e-04 -8.2156689642950249e-04
+2.1875000000000002e-02 +8.8888888888888884e-01 -9.2318409475516798e-04 -9.2318189647368925e-04
+2.4295614591379640e-02 +5.5555555555555558e-01 -1.0245833594540008e-03 -1.0245833512568052e-03

+2.5704385408620366e-02 +5.5555555555555558e-01 -1.0834915877211517e-03 -1.0834902711034410e-03
+2.8125000000000001e-02 +8.8888888888888884e-01 -1.1845081619286466e-03 -1.1845060168340742e-03
+3.0545614591379635e-02 +5.5555555555555558e-01 -1.2852477378851130e-03 -1.2852477692730526e-03

+3.1954385408620362e-02 +5.5555555555555558e-01 -1.3437442506373065e-03 -1.3437429823122827e-03
+3.4375000000000003e-02 +8.8888888888888884e-01 -1.4440058033712928e-03 -1.4440037147712068e-03
+3.6795614591379644e-02 +5.5555555555555558e-01 -1.5439303574610167e-03 -1.5439304283857004e-03

+3.8204385408620374e-02 +5.5555555555555558e-01 -1.6019249573155047e-03 -1.6019237392388298e-03
+4.0625000000000008e-02 +8.8888888888888884e-01 -1.7012768925287660e-03 -1.7012748636436421e-03
+4.3045614591379636e-02 +5.5555555555555558e-01 -1.8002323483320161e-03 -1.8002324586840843e-03

+4.4454385408620366e-02 +5.5555555555555558e-01 -1.8576356118193500e-03 -1.8576344458692226e-03
+4.6875000000000000e-02 +8.8888888888888884e-01 -1.9559247360289656e-03 -1.9559227699871983e-03
+4.9295614591379641e-02 +5.5555555555555558e-01 -2.0537585114053293e-03 -2.0537586610146316e-03

+5.0704385408620371e-02 +5.5555555555555558e-01 -2.1104819268538875e-03 -2.1104808148281152e-03
+5.3125000000000006e-02 +8.8888888888888884e-01 -2.2075566853544644e-03 -2.2075547851875444e-03
+5.5545614591379633e-02 +5.5555555555555558e-01 -2.3041179277134465e-03 -2.3041181163492887e-03

+5.6954385408620363e-02 +5.5555555555555558e-01 -2.3600740317280058e-03 -2.3600729753412413e-03
+5.9374999999999997e-02 +8.8888888888888884e-01 -2.4557847422780514e-03 -2.4557829109158962e-03
+6.1795614591379638e-02 +5.5555555555555558e-01 -2.5509245611828337e-03 -2.5509247885543477e-03

+6.3204385408620362e-02 +5.5555555555555558e-01 -2.6060270735067757e-03 -2.6060260743878956e-03
+6.5625000000000003e-02 +8.8888888888888884e-01 -2.7002261571278711e-03 -2.7002243973943130e-03
+6.8045614591379644e-02 +5.5555555555555558e-01 -2.7937978538735662e-03 -2.7937981196301761e-03

+6.9454385408620367e-02 +5.5555555555555558e-01 -2.8479618104267929e-03 -2.8479608701163788e-03
+7.1875000000000008e-02 +8.8888888888888884e-01 -2.9405040189596789e-03 -2.9405023335681152e-03
+7.4295614591379650e-02 +5.5555555555555558e-01 -3.0323633127721295e-03 -3.0323636165040615e-03

+7.5704385408620387e-02 +5.5555555555555558e-01 -3.0855051966595347e-03 -3.0855043166074666e-03
+7.8125000000000000e-02 +8.8888888888888884e-01 -3.1762478367262622e-03 -3.1762462282754140e-03
+8.0545614591379627e-02 +5.5555555555555558e-01 -3.2662530872324962e-03 -3.2662534284713940e-03

+8.1954385408620364e-02 +5.5555555555555558e-01 -3.3182909575209044e-03 -3.3182901390841576e-03
+8.4375000000000006e-02 +8.8888888888888884e-01 -3.4070941105476316e-03 -3.4070925815176305e-03
+8.6795614591379647e-02 +5.5555555555555558e-01 -3.4951065361750731e-03 -3.4951069143947982e-03

+8.8204385408620370e-02 +5.5555555555555558e-01 -3.5459601542402984e-03 -3.5459593986808479e-03
+9.0625000000000011e-02 +8.8888888888888884e-01 -3.6326868922016481e-03 -3.6326854449501467e-03
+9.3045614591379638e-02 +5.5555555555555558e-01 -3.7185707841692651e-03 -3.7185711987866052e-03

+9.4454385408620362e-02 +5.5555555555555558e-01 -3.7681617374181894e-03 -3.7681610459010390e-03
+9.6875000000000003e-02 +8.8888888888888884e-01 -3.8526783339702980e-03 -3.8526769707288404e-03
+9.9295614591379644e-02 +5.5555555555555558e-01 -3.9363012655416439e-03 -3.9363017159173017e-03

+1.0070438540862037e-01 +5.5555555555555558e-01 -3.9845530883187812e-03 -3.9845524619102086e-03
+1.0312500000000001e-01 +8.8888888888888884e-01 -4.0667292249956556e-03 -4.0667279478662699e-03
+1.0554561459137965e-01 +5.5555555555555558e-01 -4.1479622556713737e-03 -4.1479627411108956e-03

+1.0695438540862039e-01 +5.5555555555555558e-01 -4.1948005471633479e-03 -4.1947999868292398e-03
+1.0937500000000000e-01 +8.8888888888888884e-01 -4.2745095143184551e-03 -4.2745083252704093e-03
+1.1179561459137963e-01 +5.5555555555555558e-01 -4.3532273886531135e-03 -4.3532279084080297e-03

+1.1320438540862036e-01 +5.5555555555555558e-01 -4.3985799276093666e-03 -4.3985794342137471e-03
+1.1562500000000001e-01 +8.8888888888888884e-01 -4.4756988197928189e-03 -4.4756977206595249e-03
+1.1804561459137965e-01 +5.5555555555555558e-01 -4.5517801605298213e-03 -4.5517807137986522e-03

+1.1945438540862037e-01 +5.5555555555555558e-01 -4.5955770166225133e-03 -4.5955765909260924e-03
+1.2187500000000001e-01 +8.8888888888888884e-01 -4.6699869220922247e-03 -4.6699859145684286e-03
+1.2429561459137964e-01 +5.5555555555555558e-01 -4.7433144173186182e-03 -4.7433150032482434e-03

+1.2570438540862036e-01 +5.5555555555555558e-01 -4.7854880589700954e-03 -4.7854877016292683e-03
+1.2812499999999999e-01 +8.8888888888888884e-01 -4.8570742430451546e-03 -4.8570733286843982e-03
+1.3054561459137964e-01 +5.5555555555555558e-01 -4.9275348270781481e-03 -4.9275354447651590e-03

+1.3195438540862037e-01 +5.5555555555555558e-01 -4.9680202255897891e-03 -4.9680199371555968e-03
+1.3437500000000002e-01 +8.8888888888888884e-01 -5.0366723075630565e-03 -5.0366714877752338e-03
+1.3679561459137965e-01 +5.5555555555555558e-01 -5.1041573352891816e-03 -5.1041579837811397e-03

+1.3820438540862037e-01 +5.5555555555555558e-01 -5.1428920651109353e-03 -5.1428918460280993e-03
+1.4062500000000000e-01 +8.8888888888888884e-01 -5.2085041884479960e-03 -5.2085034644971506e-03
+1.4304561459137966e-01 +5.5555555555555558e-01 -5.2729096028459078e-03 -5.2729102811428785e-03

+1.4445438540862038e-01 +5.5555555555555558e-01 -5.3098339378319153e-03 -5.3098337884382660e-03
+1.4687500000000003e-01 +8.8888888888888884e-01 -5.3723049333942235e-03 -5.3723043063966767e-03
+1.4929561459137966e-01 +5.5555555555555558e-01 -5.4335314259831334e-03 -5.4335321330392589e-03

+1.5070438540862041e-01 +5.5555555555555558e-01 -5.4685884314852103e-03 -5.4685883520110903e-03
+1.5312500000000001e-01 +8.8888888888888884e-01 -5.5278219735256486e-03 -5.5278214444481203e-03
+1.5554561459137961e-01 +5.5555555555555558e-01 -5.5857751374917535e-03 -5.5857758722167548e-03

+1.5695438540862036e-01 +5.5555555555555558e-01 -5.6189107581483674e-03 -5.6189107487163038e-03
+1.5937499999999999e-01 +8.8888888888888884e-01 -5.6748155128383748e-03 -5.6748150824967166e-03
+1.6179561459137964e-01 +5.5555555555555558e-01 -5.7294059886033736e-03 -5.7294067498644061e-03

+1.6320438540862037e-01 +5.5555555555555558e-01 -5.7605691316891978e-03 -5.7605691923137709e-03
+1.6562500000000002e-01 +8.8888888888888884e-01 -5.8130588979491615e-03 -5.8130585670069061e-03
+1.6804561459137965e-01 +5.5555555555555558e-01 -5.8642025109562328e-03 -5.8642032975794517e-03

+1.6945438540862037e-01 +5.5555555555555558e-01 -5.8933451251633705e-03 -5.8933452557510761e-03
+1.7187500000000000e-01 +8.8888888888888884e-01 -5.9423389675782182e-03 -5.9423387365456597e-03
+1.7429561459137966e-01 +5.5555555555555558e-01 -5.9899568580830329e-03 -5.9899576688555618e-03

+1.7570438540862038e-01 +5.5555555555555558e-01 -6.0170340076126996e-03 -6.0170342079621988e-03
+1.7812500000000003e-01 +8.8888888888888884e-01 -6.0624563812285877e-03 -6.0624562504619645e-03
+1.8054561459137966e-01 +5.5555555555555558e-01 -6.1064751258954626e-03 -6.1064759595670908e-03

+1.8195438540862038e-01 +5.5555555555555558e-01 -6.1314450597456608e-03 -6.1314453295479810e-03
+1.8437500000000001e-01 +8.8888888888888884e-01 -6.1732259265547497e-03 -6.1732258962556505e-03
+1.8679561459137964e-01 +5.5555555555555558e-01 -6.2135776516698887e-03 -6.2135785069551731e-03

+1.8820438540862036e-01 +5.5555555555555558e-01 -6.2364018680124656e-03 -6.2364022068516238e-03
+1.9062499999999999e-01 +8.8888888888888884e-01 -6.2744768049464430e-03 -6.2744768751616491e-03
+1.9304561459137964e-01 +5.5555555555555558e-01 -6.3110992910744871e-03 -6.3111001666546858e-03

+1.9445438540862037e-01 +5.5555555555555558e-01 -6.3317425966221939e-03 -6.3317430039757511e-03
+1.9687500000000002e-01 +8.8888888888888884e-01 -6.3660528948880912e-03 -6.3660530655093054e-03
+1.9929561459137965e-01 +5.5555555555555558e-01 -6.3988896728099098e-03 -6.3988905673348822e-03

+2.0070438540862037e-01 +5.5555555555555558e-01 -6.4173202370818487e-03 -6.4173207123216346e-03
+2.0312500000000000e-01 +8.8888888888888884e-01 -6.4478129926865283e-03 -6.4478132634506764e-03
+2.0554561459137966e-01 +5.5555555555555558e-01 -6.4768134304705807e-03 -6.4768143425610871e-03

+2.0695438540862038e-01 +5.5555555555555558e-01 -6.4930028348725109e-03 -6.4930033772658017e-03
+2.0937500000000003e-01 +8.8888888888888884e-01 -6.5196310301970572e-03 -6.5196314006866346e-03
+2.1179561459137966e-01 +5.5555555555555558e-01 -6.5447504112703175e-03 -6.5447513395199310e-03

+2.1320438540862041e-01 +5.5555555555555558e-01 -6.5586736929140882e-03 -6.5586743016244993e-03
+2.1562500000000001e-01 +8.8888888888888884e-01 -6.5813962692113370e-03 -6.5813967388550446e-03
+2.1804561459137967e-01 +5.5555555555555558e-01 -6.6025958613088517e-03 -6.6025968042862761e-03

+2.1945438540862039e-01 +5.5555555555555558e-01 -6.6142315515033282e-03 -6.6142322255922864e-03
+2.2187499999999999e-01 +8.8888888888888884e-01 -6.6330134722075900e-03 -6.6330140402812900e-03
+2.2429561459137964e-01 +5.5555555555555558e-01 -6.6502605870949289e-03 -6.6502615433461747e-03

+2.2570438540862037e-01 +5.5555555555555558e-01 -6.6595907444492366e-03 -6.6595914828773261e-03
+2.2812500000000002e-01 +8.8888888888888884e-01 -6.6744030492001220e-03 -6.6744037148278720e-03
+2.3054561459137965e-01 +5.5555555555555558e-01 -6.6876710930761961e-03 -6.6876720611268054e-03

+2.3195438540862037e-01 +5.5555555555555558e-01 -6.6946813311639080e-03 -6.6946821327925890e-03
+2.3437500000000000e-01 +8.8888888888888884e-01 -6.7055011804610896e-03 -6.7055019426166202e-03
+2.3679561459137966e-01 +5.5555555555555558e-01 -6.7147696949639742e-03 -6.7147706733213190e-03

+2.3820438540862038e-01 +5.5555555555555558e-01 -6.7194492045061140e-03 -6.7194500680993266e-03
+2.4062500000000003e-01 +8.8888888888888884e-01 -6.7262599149262650e-03 -6.7262607724343296e-03
+2.4304561459137966e-01 +5.5555555555555558e-01 -6.7315146086783725e-03 -6.7315155958338575e-03

+2.4445438540862038e-01 +5.5555555555555558e-01 -6.7338561742104055e-03 -6.7338570984365100e-03
+2.4687500000000001e-01 +8.8888888888888884e-01 -6.7366472441316820e-03 -6.7366481956700501e-03
+2.4929561459137964e-01 +5.5555555555555558e-01 -6.7378800147760874e-03 -6.7378810092076037e-03

+2.5070438540862039e-01 +5.5555555555555558e-01 -6.7378800257736600e-03 -6.7378810092076037e-03
+2.5312500000000004e-01 +8.8888888888888884e-01 -6.7366471515685243e-03 -6.7366481956700501e-03
+2.5554561459137970e-01 +5.5555555555555558e-01 -6.7338560982622983e-03 -6.7338570984365100e-03

+2.5695438540862042e-01 +5.5555555555555558e-01 -6.7315145547084667e-03 -6.7315155958338575e-03
+2.5937500000000002e-01 +8.8888888888888884e-01 -6.7262596373796188e-03 -6.7262607724343296e-03
+2.6179561459137968e-01 +5.5555555555555558e-01 -6.7194490637246347e-03 -6.7194500680993257e-03

+2.6320438540862040e-01 +5.5555555555555558e-01 -6.7147695761098497e-03 -6.7147706733213190e-03
+2.6562500000000000e-01 +8.8888888888888884e-01 -6.7055007183589033e-03 -6.7055019426166193e-03
+2.6804561459137966e-01 +5.5555555555555558e-01 -6.6946811257661103e-03 -6.6946821327925890e-03

+2.6945438540862038e-01 +5.5555555555555558e-01 -6.6876709095210944e-03 -6.6876720611268045e-03
+2.7187499999999998e-01 +8.8888888888888884e-01 -6.6744024032548916e-03 -6.6744037148278720e-03
+2.7429561459137969e-01 +5.5555555555555558e-01 -6.6595904747518168e-03 -6.6595914828773261e-03

+2.7570438540862041e-01 +5.5555555555555558e-01 -6.6502603391218572e-03 -6.6502615433461738e-03
+2.7812500000000001e-01 +8.8888888888888884e-01 -6.6330126434153277e-03 -6.6330140402812900e-03
+2.8054561459137961e-01 +5.5555555555555558e-01 -6.6142312179221759e-03 -6.6142322255922864e-03

+2.8195438540862033e-01 +5.5555555555555558e-01 -6.6025955493002235e-03 -6.6025968042862761e-03
+2.8437500000000004e-01 +8.8888888888888884e-01 -6.5813952588500259e-03 -6.5813967388550438e-03
+2.8679561459137970e-01 +5.5555555555555558e-01 -6.5586732959635654e-03 -6.5586743016244975e-03

+2.8820438540862042e-01 +5.5555555555555558e-01 -6.5447500357072273e-03 -6.5447513395199301e-03
+2.9062500000000002e-01 +8.8888888888888884e-01 -6.5196298398245605e-03 -6.5196314006866337e-03
+2.9304561459137962e-01 +5.5555555555555558e-01 -6.4930023751646635e-03 -6.4930033772658017e-03

+2.9445438540862034e-01 +5.5555555555555558e-01 -6.4768129919320939e-03 -6.4768143425610871e-03
+2.9687500000000000e-01 +8.8888888888888884e-01 -6.4478116241383264e-03 -6.4478132634506764e-03
+2.9929561459137971e-01 +5.5555555555555558e-01 -6.4173197153254875e-03 -6.4173207123216338e-03

+3.0070438540862043e-01 +5.5555555555555558e-01 -6.3988891719721939e-03 -6.3988905673348796e-03
+3.0312500000000003e-01 +8.8888888888888884e-01 -6.3660513502743704e-03 -6.3660530655093046e-03
+3.0554561459137963e-01 +5.5555555555555558e-01 -6.3317420136218723e-03 -6.3317430039757502e-03

+3.0695438540862041e-01 +5.5555555555555558e-01 -6.3110987287098175e-03 -6.3111001666546849e-03
+3.0937500000000001e-01 +8.8888888888888884e-01 -6.2744750866488598e-03 -6.2744768751616491e-03
+3.1179561459137961e-01 +5.5555555555555558e-01 -6.2364012246670548e-03 -6.2364022068516238e-03

+3.1320438540862033e-01 +5.5555555555555558e-01 -6.2135770286453566e-03 -6.2135785069551740e-03
+3.1562500000000004e-01 +8.8888888888888884e-01 -6.1732240372228062e-03 -6.1732258962556496e-03
+3.1804561459137970e-01 +5.5555555555555558e-01 -6.1314443570472344e-03 -6.1314453295479793e-03

+3.1945438540862042e-01 +5.5555555555555558e-01 -6.1064744431717890e-03 -6.1064759595670899e-03
+3.2187500000000002e-01 +8.8888888888888884e-01 -6.0624543237755716e-03 -6.0624562504619636e-03
+3.2429561459137962e-01 +5.5555555555555558e-01 -6.0170332466447625e-03 -6.0170342079621979e-03

+3.2570438540862034e-01 +5.5555555555555558e-01 -5.9899561167129209e-03 -5.9899576688555618e-03
+3.2812500000000000e-01 +8.8888888888888884e-01 -5.9423367451764963e-03 -5.9423387365456588e-03
+3.3054561459137971e-01 +5.5555555555555558e-01 -5.8933443070992454e-03 -5.8933452557510743e-03

+3.3195438540862043e-01 +5.5555555555555558e-01 -5.8642017120827733e-03 -5.8642032975794491e-03
+3.3437500000000003e-01 +8.8888888888888884e-01 -5.8130565140255405e-03 -5.8130585670069044e-03
+3.3679561459137963e-01 +5.5555555555555558e-01 -5.7605682577903149e-03 -5.7605691923137718e-03

+3.3820438540862036e-01 +5.5555555555555558e-01 -5.7294051334584499e-03 -5.7294067498644052e-03
+3.4062500000000001e-01 +8.8888888888888884e-01 -5.6748129710687094e-03 -5.6748150824967158e-03
+3.4304561459137967e-01 +5.5555555555555558e-01 -5.6189098297621618e-03 -5.6189107487163020e-03

+3.4445438540862039e-01 +5.5555555555555558e-01 -5.5857742273938502e-03 -5.5857758722167540e-03
+3.4687500000000004e-01 +8.8888888888888884e-01 -5.5278192778290955e-03 -5.5278214444481177e-03
+3.4929561459137964e-01 +5.5555555555555558e-01 -5.4685874500432080e-03 -5.4685883520110895e-03

+3.5070438540862037e-01 +5.5555555555555558e-01 -5.4335304623356010e-03 -5.4335321330392572e-03
+3.5312500000000002e-01 +8.8888888888888884e-01 -5.3723020879274351e-03 -5.3723043063966741e-03
+3.5554561459137968e-01 +5.5555555555555558e-01 -5.3098329048474396e-03 -5.3098337884382642e-03

+3.5695438540862040e-01 +5.5555555555555558e-01 -5.2729085871345803e-03 -5.2729102811428777e-03
+3.5937500000000000e-01 +8.8888888888888884e-01 -5.2085011975983699e-03 -5.2085034644971497e-03
+3.6179561459137966e-01 +5.5555555555555558e-01 -5.1428909821767234e-03 -5.1428918460280984e-03

+3.6320438540862043e-01 +5.5555555555555558e-01 -5.1041562690802254e-03 -5.1041579837811371e-03
+3.6562500000000003e-01 +8.8888888888888884e-01 -5.0366691759423541e-03 -5.0366714877752312e-03
+3.6804561459137969e-01 +5.5555555555555558e-01 -4.9680190943757023e-03 -4.9680199371555933e-03

+3.6945438540862041e-01 +5.5555555555555558e-01 -4.9275337120155988e-03 -4.9275354447651572e-03
+3.7187500000000001e-01 +8.8888888888888884e-01 -4.8570709754820777e-03 -4.8570733286843965e-03
+3.7429561459137961e-01 +5.5555555555555558e-01 -4.7854868812203504e-03 -4.7854877016292666e-03

+3.7570438540862039e-01 +5.5555555555555558e-01 -4.7433132551217960e-03 -4.7433150032482434e-03
+3.7812500000000004e-01 +8.8888888888888884e-01 -4.6699835236251302e-03 -4.6699859145684268e-03
+3.8054561459137964e-01 +5.5555555555555558e-01 -4.5955757941531774e-03 -4.5955765909260916e-03

+3.8195438540862037e-01 +5.5555555555555558e-01 -4.5517789529908237e-03 -4.5517807137986522e-03
+3.8437500000000002e-01 +8.8888888888888884e-01 -4.4756952956619411e-03 -4.4756977206595258e-03
+3.8679561459137968e-01 +5.5555555555555558e-01 -4.3985786623054017e-03 -4.3985794342137436e-03

+3.8820438540862040e-01 +5.5555555555555558e-01 -4.3532261376338626e-03 -4.3532279084080271e-03
+3.9062500000000000e-01 +8.8888888888888884e-01 -4.2745058699577036e-03 -4.2745083252704093e-03
+3.9304561459137966e-01 +5.5555555555555558e-01 -4.1947992409756898e-03 -4.1947999868292372e-03

+3.9445438540862038e-01 +5.5555555555555558e-01 -4.1479609631007702e-03 -4.1479627411108921e-03
+3.9687500000000003e-01 +8.8888888888888884e-01 -4.0667254660243374e-03 -4.0667279478662673e-03
+3.9929561459137969e-01 +5.5555555555555558e-01 -3.9845517432614925e-03 -3.9845524619102068e-03

+4.0070438540862041e-01 +5.5555555555555558e-01 -3.9362999334127870e-03 -3.9363017159172991e-03
+4.0312500000000001e-01 +8.8888888888888884e-01 -3.8526744661845054e-03 -3.8526769707288395e-03
+4.0554561459137961e-01 +5.5555555555555558e-01 -3.7681603555652725e-03 -3.7681610459010390e-03

+4.0695438540862033e-01 +5.5555555555555558e-01 -3.7185694145362141e-03 -3.7185711987866052e-03
+4.0937500000000004e-01 +8.8888888888888884e-01 -3.6326829215652646e-03 -3.6326854449501437e-03
+4.1179561459137970e-01 +5.5555555555555558e-01 -3.5459587377225103e-03 -3.5459593986808457e-03

+4.1320438540862042e-01 +5.5555555555555558e-01 -3.4951051311497235e-03 -3.4951069143947943e-03
+4.1562500000000002e-01 +8.8888888888888884e-01 -3.4070900431830671e-03 -3.4070925815176296e-03
+4.1804561459137962e-01 +5.5555555555555558e-01 -3.3182895085223599e-03 -3.3182901390841567e-03

+4.1945438540862034e-01 +5.5555555555555558e-01 -3.2662516489812398e-03 -3.2662534284713949e-03
+4.2187500000000000e-01 +8.8888888888888884e-01 -3.1762436789050676e-03 -3.1762462282754127e-03
+4.2429561459137971e-01 +5.5555555555555558e-01 -3.0855037174144684e-03 -3.0855043166074614e-03

+4.2570438540862043e-01 +5.5555555555555558e-01 -3.0323618435126516e-03 -3.0323636165040572e-03
+4.2812500000000003e-01 +8.8888888888888884e-01 -2.9404997770929257e-03 -2.9405023335681113e-03
+4.3054561459137963e-01 +5.5555555555555558e-01 -2.8479603032161151e-03 -2.8479608701163779e-03

+4.3195438540862041e-01 +5.5555555555555558e-01 -2.7937963558713717e-03 -2.7937981196301735e-03
+4.3437500000000001e-01 +8.8888888888888884e-01 -2.7002218377562173e-03 -2.7002243973943108e-03
+4.3679561459137967e-01 +5.5555555555555558e-01 -2.6060255406544983e-03 -2.6060260743878917e-03

+4.3820438540862039e-01 +5.5555555555555558e-01 -2.5509230367477356e-03 -2.5509247885543481e-03
+4.4062500000000004e-01 +8.8888888888888884e-01 -2.4557803520616553e-03 -2.4557829109158945e-03
+4.4304561459137970e-01 +5.5555555555555558e-01 -2.3600724755976745e-03 -2.3600729753412374e-03

+4.4445438540862042e-01 +5.5555555555555558e-01 -2.3041163791960181e-03 -2.3041181163492861e-03
+4.4687500000000002e-01 +8.8888888888888884e-01 -2.2075522310627178e-03 -2.2075547851875444e-03
+4.4929561459137962e-01 +5.5555555555555558e-01 -2.1104803498449430e-03 -2.1104808148281131e-03

+4.5070438540862034e-01 +5.5555555555555558e-01 -2.0537569411932630e-03 -2.0537586610146308e-03
+4.5312500000000000e-01 +8.8888888888888884e-01 -1.9559202245300559e-03 -1.9559227699871978e-03
+4.5554561459137971e-01 +5.5555555555555558e-01 -1.8576340163634136e-03 -1.8576344458692180e-03

+4.5695438540862043e-01 +5.5555555555555558e-01 -1.8002307588464543e-03 -1.8002324586840813e-03
+4.5937500000000003e-01 +8.8888888888888884e-01 -1.7012723307791040e-03 -1.7012748636436390e-03
+4.6179561459137963e-01 +5.5555555555555558e-01 -1.6019233458726600e-03 -1.6019237392388302e-03

+4.6320438540862036e-01 +5.5555555555555558e-01 -1.5439287511528415e-03 -1.5439304283856991e-03
+4.6562500000000001e-01 +8.8888888888888884e-01 -1.4440011984047701e-03 -1.4440037147712061e-03
+4.6804561459137967e-01 +5.5555555555555558e-01 -1.3437426256922981e-03 -1.3437429823122801e-03

+4.6945438540862039e-01 +5.5555555555555558e-01 -1.2852461172311470e-03 -1.2852477692730511e-03
+4.7187500000000004e-01 +8.8888888888888884e-01 -1.1845035208457950e-03 -1.1845060168340707e-03
+4.7429561459137964e-01 +5.5555555555555558e-01 -1.0834899517795202e-03 -1.0834902711034408e-03

+4.7570438540862037e-01 +5.5555555555555558e-01 -1.0245817269531703e-03 -1.0245833512568033e-03
+4.7812500000000002e-01 +8.8888888888888884e-01 -9.2317942471219553e-04 -9.2318189647368828e-04
+4.8054561459137968e-01 +5.5555555555555558e-01 -8.2156661489401410e-04 -8.2156689642949934e-04

+4.8195438540862040e-01 +5.5555555555555558e-01 -7.6233750591539636e-04 -7.6233909997619801e-04
+4.8437500000000000e-01 +8.8888888888888884e-01 -6.6043185281906857e-04 -6.6043429654250193e-04
+4.8679561459137966e-01 +5.5555555555555558e-01 -5.5837648183667697e-04 -5.5837672514962239e-04

+4.8820438540862043e-01 +5.5555555555555558e-01 -4.9891781569882606e-04 -4.9891937705886960e-04
+4.9062500000000003e-01 +8.8888888888888884e-01 -3.9666594287795392e-04 -3.9666835479527750e-04
+4.9304561459137969e-01 +5.5555555555555558e-01 -2.9432537271628677e-04 -2.9432557743151489e-04

+4.9445438540862041e-01 +5.5555555555555558e-01 -2.3472883037273552e-04 -2.3473035662451654e-04
+4.9687500000000001e-01 +8.8888888888888884e-01 -1.3228840280384301e-04 -1.3229077919605696e-04
+4.9929561459137961e-01 +5.5555555555555558e-01 -2.9820435204295845e-05 -2.9820601006155937e-05

+5.0070438540862039e-01 +5.5555555555555558e-01 +2.9822089796305876e-05 +2.9820601006155937e-05
+5.0312500000000004e-01 +8.8888888888888884e-01 +1.3229311639893727e-04 +1.3229077919605929e-04
+5.0554561459137959e-01 +5.5555555555555558e-01 +2.3473048325735085e-04 +2.3473035662451654e-04

+5.0695438540862037e-01 +5.5555555555555558e-01 +2.9432702646442813e-04 +2.9432557743151722e-04
+5.0937500000000002e-01 +8.8888888888888884e-01 +3.9667064920502704e-04 +3.9666835479527983e-04
+5.1179561459137968e-01 +5.5555555555555558e-01 +4.9891946432742407e-04 +4.9891937705887437e-04

+5.1320438540862046e-01 +5.5555555555555558e-01 +5.5837813219099600e-04 +5.5837672514962716e-04
+5.1562500000000000e-01 +8.8888888888888884e-01 +6.6043654462130728e-04 +6.6043429654250193e-04
+5.1804561459137966e-01 +5.5555555555555558e-01 +7.6233914774590547e-04 +7.6233909997620039e-04

+5.1945438540862043e-01 +5.5555555555555558e-01 +8.2156825930977619e-04 +8.2156689642950411e-04
+5.2187500000000009e-01 +8.8888888888888884e-01 +9.2318409475517275e-04 +9.2318189647369283e-04
+5.2429561459137963e-01 +5.5555555555555558e-01 +1.0245833594540010e-03 +1.0245833512568033e-03

+5.2570438540862041e-01 +5.5555555555555558e-01 +1.0834915877211495e-03 +1.0834902711034432e-03
+5.2812499999999996e-01 +8.8888888888888884e-01 +1.1845081619286436e-03 +1.1845060168340707e-03
+5.3054561459137961e-01 +5.5555555555555558e-01 +1.2852477378851089e-03 +1.2852477692730511e-03

+5.3195438540862039e-01 +5.5555555555555558e-01 +1.3437442506372998e-03 +1.3437429823122823e-03
+5.3437500000000004e-01 +8.8888888888888884e-01 +1.4440058033712850e-03 +1.4440037147712085e-03
+5.3679561459137959e-01 +5.5555555555555558e-01 +1.5439303574610104e-03 +1.5439304283856965e-03

+5.3820438540862037e-01 +5.5555555555555558e-01 +1.6019249573154979e-03 +1.6019237392388302e-03
+5.4062500000000002e-01 +8.8888888888888884e-01 +1.7012768925287675e-03 +1.7012748636436416e-03
+5.4304561459137968e-01 +5.5555555555555558e-01 +1.8002323483320218e-03 +1.8002324586840854e-03

+5.4445438540862046e-01 +5.5555555555555558e-01 +1.8576356118193557e-03 +1.8576344458692247e-03
+5.4687500000000000e-01 +8.8888888888888884e-01 +1.9559247360289760e-03 +1.9559227699871978e-03
+5.4929561459137966e-01 +5.5555555555555558e-01 +2.0537585114053401e-03 +2.0537586610146308e-03

+5.5070438540862043e-01 +5.5555555555555558e-01 +2.1104819268538996e-03 +2.1104808148281152e-03
+5.5312500000000009e-01 +8.8888888888888884e-01 +2.2075566853544705e-03 +2.2075547851875491e-03
+5.5554561459137963e-01 +5.5555555555555558e-01 +2.3041179277134552e-03 +2.3041181163492882e-03

+5.5695438540862041e-01 +5.5555555555555558e-01 +2.3600740317280119e-03 +2.3600729753412422e-03
+5.5937499999999996e-01 +8.8888888888888884e-01 +2.4557847422780497e-03 +2.4557829109158945e-03
+5.6179561459137961e-01 +5.5555555555555558e-01 +2.5509245611828224e-03 +2.5509247885543481e-03

+5.6320438540862039e-01 +5.5555555555555558e-01 +2.6060270735067640e-03 +2.6060260743878934e-03
+5.6562500000000004e-01 +8.8888888888888884e-01 +2.7002261571278693e-03 +2.7002243973943130e-03
+5.6804561459137959e-01 +5.5555555555555558e-01 +2.7937978538735671e-03 +2.7937981196301735e-03

+5.6945438540862026e-01 +5.5555555555555558e-01 +2.8479618104267929e-03 +2.8479608701163731e-03
+5.7187500000000002e-01 +8.8888888888888884e-01 +2.9405040189596911e-03 +2.9405023335681135e-03
+5.7429561459137979e-01 +5.5555555555555558e-01 +3.0323633127721339e-03 +3.0323636165040658e-03

+5.7570438540862046e-01 +5.5555555555555558e-01 +3.0855051966595277e-03 +3.0855043166074679e-03
+5.7812500000000000e-01 +8.8888888888888884e-01 +3.1762478367262435e-03 +3.1762462282754127e-03
+5.8054561459137966e-01 +5.5555555555555558e-01 +3.2662530872324814e-03 +3.2662534284713949e-03

+5.8195438540862043e-01 +5.5555555555555558e-01 +3.3182909575209057e-03 +3.3182901390841589e-03
+5.8437500000000009e-01 +8.8888888888888884e-01 +3.4070941105476455e-03 +3.4070925815176344e-03
+5.8679561459137963e-01 +5.5555555555555558e-01 +3.4951065361750887e-03 +3.4951069143947964e-03

+5.8820438540862041e-01 +5.5555555555555558e-01 +3.5459601542403084e-03 +3.5459593986808496e-03
+5.9062499999999996e-01 +8.8888888888888884e-01 +3.6326868922016524e-03 +3.6326854449501437e-03
+5.9304561459137961e-01 +5.5555555555555558e-01 +3.7185707841692556e-03 +3.7185711987866034e-03

+5.9445438540862039e-01 +5.5555555555555558e-01 +3.7681617374181633e-03 +3.7681610459010390e-03
+5.9687500000000004e-01 +8.8888888888888884e-01 +3.8526783339702642e-03 +3.8526769707288426e-03
+5.9929561459137981e-01 +5.5555555555555558e-01 +3.9363012655416144e-03 +3.9363017159173069e-03

+6.0070438540862048e-01 +5.5555555555555558e-01 +3.9845530883187395e-03 +3.9845524619102129e-03
+6.0312500000000013e-01 +8.8888888888888884e-01 +4.0667292249956209e-03 +4.0667279478662733e-03
+6.0554561459137979e-01 +5.5555555555555558e-01 +4.1479622556713537e-03 +4.1479627411108973e-03

+6.0695438540862046e-01 +5.5555555555555558e-01 +4.1948005471633479e-03 +4.1947999868292406e-03
+6.0937500000000000e-01 +8.8888888888888884e-01 +4.2745095143184803e-03 +4.2745083252704093e-03
+6.1179561459137966e-01 +5.5555555555555558e-01 +4.3532273886531586e-03 +4.3532279084080288e-03

+6.1320438540862043e-01 +5.5555555555555558e-01 +4.3985799276094265e-03 +4.3985794342137471e-03
+6.1562500000000009e-01 +8.8888888888888884e-01 +4.4756988197928761e-03 +4.4756977206595284e-03
+6.1804561459137963e-01 +5.5555555555555558e-01 +4.5517801605298456e-03 +4.5517807137986522e-03

+6.1945438540862030e-01 +5.5555555555555558e-01 +4.5955770166225341e-03 +4.5955765909260890e-03
+6.2187499999999996e-01 +8.8888888888888884e-01 +4.6699869220922299e-03 +4.6699859145684268e-03
+6.2429561459137961e-01 +5.5555555555555558e-01 +4.7433144173185879e-03 +4.7433150032482434e-03

+6.2570438540862028e-01 +5.5555555555555558e-01 +4.7854880589700589e-03 +4.7854877016292631e-03
+6.2812500000000004e-01 +8.8888888888888884e-01 +4.8570742430451338e-03 +4.8570733286843991e-03
+6.3054561459137970e-01 +5.5555555555555558e-01 +4.9275348270781446e-03 +4.9275354447651607e-03

+6.3195438540862048e-01 +5.5555555555555558e-01 +4.9680202255898013e-03 +4.9680199371555985e-03
+6.3437500000000013e-01 +8.8888888888888884e-01 +5.0366723075630825e-03 +5.0366714877752364e-03
+6.3679561459137968e-01 +5.5555555555555558e-01 +5.1041573352892059e-03 +5.1041579837811397e-03

+6.3820438540862046e-01 +5.5555555555555558e-01 +5.1428920651109562e-03 +5.1428918460281019e-03
+6.4062500000000000e-01 +8.8888888888888884e-01 +5.2085041884479891e-03 +5.2085034644971497e-03
+6.4304561459137966e-01 +5.5555555555555558e-01 +5.2729096028458931e-03 +5.2729102811428794e-03

+6.4445438540862043e-01 +5.5555555555555558e-01 +5.3098339378319179e-03 +5.3098337884382668e-03
+6.4687500000000009e-01 +8.8888888888888884e-01 +5.3723049333942357e-03 +5.3723043063966767e-03
+6.4929561459137963e-01 +5.5555555555555558e-01 +5.4335314259831300e-03 +5.4335321330392572e-03

+6.5070438540862030e-01 +5.5555555555555558e-01 +5.4685884314852008e-03 +5.4685883520110877e-03
+6.5312499999999996e-01 +8.8888888888888884e-01 +5.5278219735256364e-03 +5.5278214444481177e-03
+6.5554561459137972e-01 +5.5555555555555558e-01 +5.5857751374917500e-03 +5.5857758722167566e-03

+6.5695438540862039e-01 +5.5555555555555558e-01 +5.6189107581483761e-03 +5.6189107487163038e-03
+6.5937500000000004e-01 +8.8888888888888884e-01 +5.6748155128383965e-03 +5.6748150824967175e-03
+6.6179561459137970e-01 +5.5555555555555558e-01 +5.7294059886034013e-03 +5.7294067498644061e-03

+6.6320438540862048e-01 +5.5555555555555558e-01 +5.7605691316892143e-03 +5.7605691923137744e-03
+6.6562500000000013e-01 +8.8888888888888884e-01 +5.8130588979491641e-03 +5.8130585670069079e-03
+6.6804561459137968e-01 +5.5555555555555558e-01 +5.8642025109562250e-03 +5.8642032975794517e-03

+6.6945438540862046e-01 +5.5555555555555558e-01 +5.8933451251633670e-03 +5.8933452557510769e-03
+6.7187500000000000e-01 +8.8888888888888884e-01 +5.9423389675782052e-03 +5.9423387365456588e-03
+6.7429561459137966e-01 +5.5555555555555558e-01 +5.9899568580830242e-03 +5.9899576688555618e-03

+6.7570438540862043e-01 +5.5555555555555558e-01 +6.0170340076126996e-03 +6.0170342079621988e-03
+6.7812500000000009e-01 +8.8888888888888884e-01 +6.0624563812285981e-03 +6.0624562504619662e-03
+6.8054561459137974e-01 +5.5555555555555558e-01 +6.1064751258954608e-03 +6.1064759595670917e-03

+6.8195438540862041e-01 +5.5555555555555558e-01 +6.1314450597456625e-03 +6.1314453295479810e-03
+6.8437499999999996e-01 +8.8888888888888884e-01 +6.1732259265547592e-03 +6.1732258962556496e-03
+6.8679561459137961e-01 +5.5555555555555558e-01 +6.2135776516698991e-03 +6.2135785069551731e-03

+6.8820438540862039e-01 +5.5555555555555558e-01 +6.2364018680124778e-03 +6.2364022068516238e-03
+6.9062500000000004e-01 +8.8888888888888884e-01 +6.2744768049464578e-03 +6.2744768751616499e-03
+6.9304561459137970e-01 +5.5555555555555558e-01 +6.3110992910745036e-03 +6.3111001666546858e-03

+6.9445438540862048e-01 +5.5555555555555558e-01 +6.3317425966222087e-03 +6.3317430039757519e-03
+6.9687500000000013e-01 +8.8888888888888884e-01 +6.3660528948880886e-03 +6.3660530655093063e-03
+6.9929561459137968e-01 +5.5555555555555558e-01 +6.3988896728099029e-03 +6.3988905673348822e-03

+7.0070438540862046e-01 +5.5555555555555558e-01 +6.4173202370818522e-03 +6.4173207123216346e-03
+7.0312500000000000e-01 +8.8888888888888884e-01 +6.4478129926865370e-03 +6.4478132634506764e-03
+7.0554561459137966e-01 +5.5555555555555558e-01 +6.4768134304705851e-03 +6.4768143425610871e-03

+7.0695438540862032e-01 +5.5555555555555558e-01 +6.4930028348725161e-03 +6.4930033772658009e-03
+7.0937500000000009e-01 +8.8888888888888884e-01 +6.5196310301970477e-03 +6.5196314006866346e-03
+7.1179561459137974e-01 +5.5555555555555558e-01 +6.5447504112703010e-03 +6.5447513395199318e-03

+7.1320438540862041e-01 +5.5555555555555558e-01 +6.5586736929140726e-03 +6.5586743016244993e-03
+7.1562499999999996e-01 +8.8888888888888884e-01 +6.5813962692113370e-03 +6.5813967388550438e-03
+7.1804561459137961e-01 +5.5555555555555558e-01 +6.6025958613088621e-03 +6.6025968042862761e-03

+7.1945438540862039e-01 +5.5555555555555558e-01 +6.6142315515033412e-03 +6.6142322255922864e-03
+7.2187500000000004e-01 +8.8888888888888884e-01 +6.6330134722075822e-03 +6.6330140402812909e-03
+7.2429561459137970e-01 +5.5555555555555558e-01 +6.6502605870949055e-03 +6.6502615433461747e-03

+7.2570438540862048e-01 +5.5555555555555558e-01 +6.6595907444491828e-03 +6.6595914828773270e-03
+7.2812500000000013e-01 +8.8888888888888884e-01 +6.6744030492000596e-03 +6.6744037148278720e-03
+7.3054561459137968e-01 +5.5555555555555558e-01 +6.6876710930761354e-03 +6.6876720611268054e-03

+7.3195438540862034e-01 +5.5555555555555558e-01 +6.6946813311638655e-03 +6.6946821327925890e-03
+7.3437500000000000e-01 +8.8888888888888884e-01 +6.7055011804610471e-03 +6.7055019426166193e-03
+7.3679561459137977e-01 +5.5555555555555558e-01 +6.7147696949639239e-03 +6.7147706733213190e-03

+7.3820438540862043e-01 +5.5555555555555558e-01 +6.7194492045060819e-03 +6.7194500680993266e-03
+7.4062500000000009e-01 +8.8888888888888884e-01 +6.7262599149262537e-03 +6.7262607724343296e-03
+7.4304561459137974e-01 +5.5555555555555558e-01 +6.7315146086783803e-03 +6.7315155958338575e-03

+7.4445438540862041e-01 +5.5555555555555558e-01 +6.7338561742104194e-03 +6.7338570984365100e-03
+7.4687499999999996e-01 +8.8888888888888884e-01 +6.7366472441316820e-03 +6.7366481956700501e-03
+7.4929561459137961e-01 +5.5555555555555558e-01 +6.7378800147760900e-03 +6.7378810092076037e-03

+7.5070438540862039e-01 +5.5555555555555558e-01 +6.7378800257736678e-03 +6.7378810092076037e-03
+7.5312500000000004e-01 +8.8888888888888884e-01 +6.7366471515685417e-03 +6.7366481956700501e-03
+7.5554561459137970e-01 +5.5555555555555558e-01 +6.7338560982623261e-03 +6.7338570984365100e-03

+7.5695438540862048e-01 +5.5555555555555558e-01 +6.7315145547084823e-03 +6.7315155958338575e-03
+7.5937500000000013e-01 +8.8888888888888884e-01 +6.7262596373796222e-03 +6.7262607724343287e-03
+7.6179561459137968e-01 +5.5555555555555558e-01 +6.7194490637246295e-03 +6.7194500680993257e-03

+7.6320438540862034e-01 +5.5555555555555558e-01 +6.7147695761098280e-03 +6.7147706733213190e-03
+7.6562500000000000e-01 +8.8888888888888884e-01 +6.7055007183588746e-03 +6.7055019426166202e-03
+7.6804561459137977e-01 +5.5555555555555558e-01 +6.6946811257660912e-03 +6.6946821327925881e-03

+7.6945438540862043e-01 +5.5555555555555558e-01 +6.6876709095210693e-03 +6.6876720611268045e-03
+7.7187500000000009e-01 +8.8888888888888884e-01 +6.6744024032548560e-03 +6.6744037148278711e-03
+7.7429561459137963e-01 +5.5555555555555558e-01 +6.6595904747517795e-03 +6.6595914828773261e-03

+7.7570438540862041e-01 +5.5555555555555558e-01 +6.6502603391218355e-03 +6.6502615433461738e-03
+7.7812499999999996e-01 +8.8888888888888884e-01 +6.6330126434153095e-03 +6.6330140402812909e-03
+7.8054561459137961e-01 +5.5555555555555558e-01 +6.6142312179221724e-03 +6.6142322255922864e-03

+7.8195438540862039e-01 +5.5555555555555558e-01 +6.6025955493002209e-03 +6.6025968042862761e-03
+7.8437500000000004e-01 +8.8888888888888884e-01 +6.5813952588500172e-03 +6.5813967388550438e-03
+7.8679561459137970e-01 +5.5555555555555558e-01 +6.5586732959635350e-03 +6.5586743016244984e-03

+7.8820438540862048e-01 +5.5555555555555558e-01 +6.5447500357071727e-03 +6.5447513395199301e-03
+7.9062500000000013e-01 +8.8888888888888884e-01 +6.5196298398245388e-03 +6.5196314006866329e-03
+7.9304561459137979e-01 +5.5555555555555558e-01 +6.4930023751646531e-03 +6.4930033772658000e-03

+7.9445438540862046e-01 +5.5555555555555558e-01 +6.4768129919320853e-03 +6.4768143425610863e-03
+7.9687500000000000e-01 +8.8888888888888884e-01 +6.4478116241383230e-03 +6.4478132634506764e-03
+7.9929561459137966e-01 +5.5555555555555558e-01 +6.4173197153254858e-03 +6.4173207123216346e-03

+8.0070438540862043e-01 +5.5555555555555558e-01 +6.3988891719721861e-03 +6.3988905673348796e-03
+8.0312500000000009e-01 +8.8888888888888884e-01 +6.3660513502743583e-03 +6.3660530655093037e-03
+8.0554561459137963e-01 +5.5555555555555558e-01 +6.3317420136218784e-03 +6.3317430039757511e-03

+8.0695438540862041e-01 +5.5555555555555558e-01 +6.3110987287098436e-03 +6.3111001666546849e-03
+8.0937499999999996e-01 +8.8888888888888884e-01 +6.2744750866489075e-03 +6.2744768751616499e-03
+8.1179561459137961e-01 +5.5555555555555558e-01 +6.2364012246671164e-03 +6.2364022068516238e-03

+8.1320438540862039e-01 +5.5555555555555558e-01 +6.2135770286453887e-03 +6.2135785069551731e-03
+8.1562500000000004e-01 +8.8888888888888884e-01 +6.1732240372228365e-03 +6.1732258962556496e-03
+8.1804561459137970e-01 +5.5555555555555558e-01 +6.1314443570472657e-03 +6.1314453295479802e-03

+8.1945438540862037e-01 +5.5555555555555558e-01 +6.1064744431718297e-03 +6.1064759595670908e-03
+8.2187500000000013e-01 +8.8888888888888884e-01 +6.0624543237755967e-03 +6.0624562504619619e-03
+8.2429561459137979e-01 +5.5555555555555558e-01 +6.0170332466447790e-03 +6.0170342079621953e-03

+8.2570438540862046e-01 +5.5555555555555558e-01 +5.9899561167129408e-03 +5.9899576688555601e-03
+8.2812500000000000e-01 +8.8888888888888884e-01 +5.9423367451765050e-03 +5.9423387365456597e-03
+8.3054561459137966e-01 +5.5555555555555558e-01 +5.8933443070992263e-03 +5.8933452557510761e-03

+8.3195438540862043e-01 +5.5555555555555558e-01 +5.8642017120827637e-03 +5.8642032975794491e-03
+8.3437500000000009e-01 +8.8888888888888884e-01 +5.8130565140255318e-03 +5.8130585670069035e-03
+8.3679561459137963e-01 +5.5555555555555558e-01 +5.7605682577902932e-03 +5.7605691923137709e-03

+8.3820438540862041e-01 +5.5555555555555558e-01 +5.7294051334584283e-03 +5.7294067498644052e-03
+8.4062499999999996e-01 +8.8888888888888884e-01 +5.6748129710686946e-03 +5.6748150824967175e-03
+8.4304561459137961e-01 +5.5555555555555558e-01 +5.6189098297621453e-03 +5.6189107487163038e-03

+8.4445438540862039e-01 +5.5555555555555558e-01 +5.5857742273938294e-03 +5.5857758722167548e-03
+8.4687500000000004e-01 +8.8888888888888884e-01 +5.5278192778290790e-03 +5.5278214444481185e-03
+8.4929561459137981e-01 +5.5555555555555558e-01 +5.4685874500431872e-03 +5.4685883520110851e-03

+8.5070438540862048e-01 +5.5555555555555558e-01 +5.4335304623355611e-03 +5.4335321330392546e-03
+8.5312500000000013e-01 +8.8888888888888884e-01 +5.3723020879273952e-03 +5.3723043063966707e-03
+8.5554561459137979e-01 +5.5555555555555558e-01 +5.3098329048474205e-03 +5.3098337884382616e-03

+8.5695438540862046e-01 +5.5555555555555558e-01 +5.2729085871345786e-03 +5.2729102811428768e-03
+8.5937500000000000e-01 +8.8888888888888884e-01 +5.2085011975983968e-03 +5.2085034644971506e-03
+8.6179561459137966e-01 +5.5555555555555558e-01 +5.1428909821767460e-03 +5.1428918460280993e-03

+8.6320438540862043e-01 +5.5555555555555558e-01 +5.1041562690802462e-03 +5.1041579837811379e-03
+8.6562500000000009e-01 +8.8888888888888884e-01 +5.0366691759423619e-03 +5.0366714877752303e-03
+8.6804561459137963e-01 +5.5555555555555558e-01 +4.9680190943757118e-03 +4.9680199371555968e-03

+8.6945438540862030e-01 +5.5555555555555558e-01 +4.9275337120156127e-03 +4.9275354447651616e-03
+8.7187499999999996e-01 +8.8888888888888884e-01 +4.8570709754820907e-03 +4.8570733286843982e-03
+8.7429561459137972e-01 +5.5555555555555558e-01 +4.7854868812203738e-03 +4.7854877016292631e-03

+8.7570438540862039e-01 +5.5555555555555558e-01 +4.7433132551218150e-03 +4.7433150032482434e-03
+8.7812500000000004e-01 +8.8888888888888884e-01 +4.6699835236251432e-03 +4.6699859145684286e-03
+8.8054561459137970e-01 +5.5555555555555558e-01 +4.5955757941531766e-03 +4.5955765909260898e-03

+8.8195438540862048e-01 +5.5555555555555558e-01 +4.5517789529908124e-03 +4.5517807137986496e-03
+8.8437500000000013e-01 +8.8888888888888884e-01 +4.4756952956619351e-03 +4.4756977206595223e-03
+8.8679561459137968e-01 +5.5555555555555558e-01 +4.3985786623053982e-03 +4.3985794342137445e-03

+8.8820438540862046e-01 +5.5555555555555558e-01 +4.3532261376338565e-03 +4.3532279084080245e-03
+8.9062500000000000e-01 +8.8888888888888884e-01 +4.2745058699577045e-03 +4.2745083252704093e-03
+8.9304561459137966e-01 +5.5555555555555558e-01 +4.1947992409756890e-03 +4.1947999868292398e-03

+8.9445438540862043e-01 +5.5555555555555558e-01 +4.1479609631007710e-03 +4.1479627411108904e-03
+8.9687500000000009e-01 +8.8888888888888884e-01 +4.0667254660243408e-03 +4.0667279478662655e-03
+8.9929561459137963e-01 +5.5555555555555558e-01 +3.9845517432615003e-03 +3.9845524619102086e-03

+9.0070438540862030e-01 +5.5555555555555558e-01 +3.9362999334127974e-03 +3.9363017159173052e-03
+9.0312499999999996e-01 +8.8888888888888884e-01 +3.8526744661845232e-03 +3.8526769707288426e-03
+9.0554561459137972e-01 +5.5555555555555558e-01 +3.7681603555652981e-03 +3.7681610459010364e-03

+9.0695438540862039e-01 +5.5555555555555558e-01 +3.7185694145362301e-03 +3.7185711987866052e-03
+9.0937500000000004e-01 +8.8888888888888884e-01 +3.6326829215652672e-03 +3.6326854449501445e-03
+9.1179561459137970e-01 +5.5555555555555558e-01 +3.5459587377224943e-03 +3.5459593986808449e-03

+9.1320438540862048e-01 +5.5555555555555558e-01 +3.4951051311496915e-03 +3.4951069143947930e-03
+9.1562500000000013e-01 +8.8888888888888884e-01 +3.4070900431830372e-03 +3.4070925815176253e-03
+9.1804561459137968e-01 +5.5555555555555558e-01 +3.3182895085223296e-03 +3.3182901390841546e-03

+9.1945438540862046e-01 +5.5555555555555558e-01 +3.2662516489812134e-03 +3.2662534284713914e-03
+9.2187500000000000e-01 +8.8888888888888884e-01 +3.1762436789050455e-03 +3.1762462282754140e-03
+9.2429561459137966e-01 +5.5555555555555558e-01 +3.0855037174144532e-03 +3.0855043166074640e-03

+9.2570438540862043e-01 +5.5555555555555558e-01 +3.0323618435126459e-03 +3.0323636165040585e-03
+9.2812500000000009e-01 +8.8888888888888884e-01 +2.9404997770929257e-03 +2.9405023335681100e-03
+9.3054561459137974e-01 +5.5555555555555558e-01 +2.8479603032161055e-03 +2.8479608701163731e-03

+9.3195438540862041e-01 +5.5555555555555558e-01 +2.7937963558713605e-03 +2.7937981196301761e-03
+9.3437499999999996e-01 +8.8888888888888884e-01 +2.7002218377561969e-03 +2.7002243973943130e-03
+9.3679561459137961e-01 +5.5555555555555558e-01 +2.6060255406544800e-03 +2.6060260743878956e-03

+9.3820438540862039e-01 +5.5555555555555558e-01 +2.5509230367477217e-03 +2.5509247885543477e-03
+9.4062500000000004e-01 +8.8888888888888884e-01 +2.4557803520616475e-03 +2.4557829109158962e-03
+9.4304561459137970e-01 +5.5555555555555558e-01 +2.3600724755976732e-03 +2.3600729753412383e-03

+9.4445438540862048e-01 +5.5555555555555558e-01 +2.3041163791960168e-03 +2.3041181163492861e-03
+9.4687500000000013e-01 +8.8888888888888884e-01 +2.2075522310627147e-03 +2.2075547851875413e-03
+9.4929561459137968e-01 +5.5555555555555558e-01 +2.1104803498449413e-03 +2.1104808148281122e-03

+9.5070438540862046e-01 +5.5555555555555558e-01 +2.0537569411932604e-03 +2.0537586610146260e-03
+9.5312500000000000e-01 +8.8888888888888884e-01 +1.9559202245300598e-03 +1.9559227699871983e-03
+9.5554561459137966e-01 +5.5555555555555558e-01 +1.8576340163634134e-03 +1.8576344458692226e-03

+9.5695438540862032e-01 +5.5555555555555558e-01 +1.8002307588464550e-03 +1.8002324586840869e-03
+9.5937500000000009e-01 +8.8888888888888884e-01 +1.7012723307791076e-03 +1.7012748636436364e-03
+9.6179561459137974e-01 +5.5555555555555558e-01 +1.6019233458726646e-03 +1.6019237392388267e-03

+9.6320438540862041e-01 +5.5555555555555558e-01 +1.5439287511528450e-03 +1.5439304283856974e-03
+9.6562499999999996e-01 +8.8888888888888884e-01 +1.4440011984047738e-03 +1.4440037147712096e-03
+9.6804561459137961e-01 +5.5555555555555558e-01 +1.3437426256922964e-03 +1.3437429823122827e-03

+9.6945438540862039e-01 +5.5555555555555558e-01 +1.2852461172311426e-03 +1.2852477692730526e-03
+9.7187500000000004e-01 +8.8888888888888884e-01 +1.1845035208457942e-03 +1.1845060168340711e-03
+9.7429561459137970e-01 +5.5555555555555558e-01 +1.0834899517795228e-03 +1.0834902711034382e-03

+9.7570438540862048e-01 +5.5555555555555558e-01 +1.0245817269531731e-03 +1.0245833512567994e-03
+9.7812500000000013e-01 +8.8888888888888884e-01 +9.2317942471219748e-04 +9.2318189647368329e-04
+9.8054561459137968e-01 +5.5555555555555558e-01 +8.2156661489401388e-04 +8.2156689642949945e-04

+9.8195438540862034e-01 +5.5555555555555558e-01 +7.6233750591539614e-04 +7.6233909997619985e-04
+9.8437500000000000e-01 +8.8888888888888884e-01 +6.6043185281906890e-04 +6.6043429654250344e-04
+9.8679561459137977e-01 +5.5555555555555558e-01 +5.5837648183667827e-04 +5.5837672514961719e-04

+9.8820438540862043e-01 +5.5555555555555558e-01 +4.9891781569882769e-04 +4.9891937705887133e-04
+9.9062500000000009e-01 +8.8888888888888884e-01 +3.9666594287795820e-04 +3.9666835479527598e-04
+9.9304561459137974e-01 +5.5555555555555558e-01 +2.9432537271629144e-04 +2.9432557743151245e-04

+9.9445438540862041e-01 +5.5555555555555558e-01 +2.3472883037273885e-04 +2.3473035662451881e-04
+9.9687499999999996e-01 +8.8888888888888884e-01 +1.3228840280384550e-04 +1.3229077919605899e-04
+9.9929561459137961e-01 +5.5555555555555558e-01 +2.9820435204298369e-05 +2.9820601006157740e-05


