+5.6350832689629152e-03 +5.5555555555555558e-01 -2.3919485618998257e-04 -2.3851574552513722e-04
+2.5000000000000001e-02 +8.8888888888888884e-01 -1.0550441470288940e-03 -1.0540471342713647e-03
+4.4364916731037089e-02 +5.5555555555555558e-01 -1.8537900329097675e-03 -1.8539932224993965e-03

+5.5635083268962923e-02 +5.5555555555555558e-01 -2.3081435648284482e-03 -2.3076771305407546e-03
+7.5000000000000011e-02 +8.8888888888888884e-01 -3.0596636490276387e-03 -3.0589639253333911e-03
+9.4364916731037099e-02 +5.5555555555555558e-01 -3.7646450880248093e-03 -3.7650204163753366e-03

+1.0563508326896293e-01 +5.5555555555555558e-01 -4.1511550995596566e-03 -4.1509469994870330e-03
+1.2500000000000000e-01 +8.8888888888888884e-01 -4.7647819551293767e-03 -4.7644480143288820e-03
+1.4436491673103713e-01 +5.5555555555555558e-01 -5.3069904520992948e-03 -5.3075011794567204e-03

+1.5563508326896294e-01 +5.5555555555555558e-01 -5.5878226503476777e-03 -5.5878932547751611e-03
+1.7500000000000002e-01 +8.8888888888888884e-01 -6.0034902052750940e-03 -6.0035547358205880e-03
+1.9436491673103712e-01 +5.5555555555555558e-01 -6.3298506147456126e-03 -6.3304467475577154e-03

+2.0563508326896293e-01 +5.5555555555555558e-01 -6.4775151874699984e-03 -6.4778575851442708e-03
+2.2500000000000001e-01 +8.8888888888888884e-01 -6.6545350053526190e-03 -6.6549916905447124e-03
+2.4436491673103708e-01 +5.5555555555555558e-01 -6.7331008965580818e-03 -6.7337240811917330e-03

+2.5563508326896289e-01 +5.5555555555555558e-01 -6.7331434065406532e-03 -6.7337240811917321e-03
+2.7500000000000002e-01 +8.8888888888888884e-01 -6.6541875542345634e-03 -6.6549916905447124e-03
+2.9436491673103715e-01 +5.5555555555555558e-01 -6.4772683503429981e-03 -6.4778575851442699e-03

+3.0563508326896299e-01 +5.5555555555555558e-01 -6.3296846364104403e-03 -6.3304467475577136e-03
+3.2500000000000007e-01 +8.8888888888888884e-01 -6.0024818628571178e-03 -6.0035547358205845e-03
+3.4436491673103709e-01 +5.5555555555555558e-01 -5.5873956482140382e-03 -5.5878932547751602e-03

+3.5563508326896293e-01 +5.5555555555555558e-01 -5.3066322325622996e-03 -5.3075011794567186e-03
+3.7500000000000000e-01 +8.8888888888888884e-01 -4.7632114249929426e-03 -4.7644480143288811e-03
+3.9436491673103713e-01 +5.5555555555555558e-01 -4.1505897303633355e-03 -4.1509469994870296e-03

+4.0563508326896297e-01 +5.5555555555555558e-01 -3.7641296923101365e-03 -3.7650204163753357e-03
+4.2500000000000004e-01 +8.8888888888888884e-01 -3.0576846656050101e-03 -3.0589639253333890e-03
+4.4436491673103706e-01 +5.5555555555555558e-01 -2.3074951708455271e-03 -2.3076771305407533e-03

+4.5563508326896290e-01 +5.5555555555555558e-01 -1.8531679115409221e-03 -1.8539932224993945e-03
+4.7499999999999998e-01 +8.8888888888888884e-01 -1.0528504270058572e-03 -1.0540471342713649e-03
+4.9436491673103711e-01 +5.5555555555555558e-01 -2.3852690674113123e-04 -2.3851574552513716e-04

+5.0563508326896289e-01 +5.5555555555555558e-01 +2.3919485618997946e-04 +2.3851574552513716e-04
+5.2500000000000002e-01 +8.8888888888888884e-01 +1.0550441470288932e-03 +1.0540471342713649e-03
+5.4436491673103715e-01 +5.5555555555555558e-01 +1.8537900329097673e-03 +1.8539932224993969e-03

+5.5563508326896294e-01 +5.5555555555555558e-01 +2.3081435648284500e-03 +2.3076771305407533e-03
+5.7500000000000007e-01 +8.8888888888888884e-01 +3.0596636490276439e-03 +3.0589639253333933e-03
+5.9436491673103720e-01 +5.5555555555555558e-01 +3.7646450880248171e-03 +3.7650204163753409e-03

+6.0563508326896309e-01 +5.5555555555555558e-01 +4.1511550995596636e-03 +4.1509469994870365e-03
+6.2500000000000000e-01 +8.8888888888888884e-01 +4.7647819551293862e-03 +4.7644480143288811e-03
+6.4436491673103702e-01 +5.5555555555555558e-01 +5.3069904520993017e-03 +5.3075011794567169e-03

+6.5563508326896291e-01 +5.5555555555555558e-01 +5.5878226503476812e-03 +5.5878932547751602e-03
+6.7500000000000004e-01 +8.8888888888888884e-01 +6.0034902052750749e-03 +6.0035547358205862e-03
+6.9436491673103717e-01 +5.5555555555555558e-01 +6.3298506147455892e-03 +6.3304467475577162e-03

+7.0563508326896296e-01 +5.5555555555555558e-01 +6.4775151874699862e-03 +6.4778575851442708e-03
+7.2500000000000009e-01 +8.8888888888888884e-01 +6.6545350053526311e-03 +6.6549916905447133e-03
+7.4436491673103711e-01 +5.5555555555555558e-01 +6.7331008965580809e-03 +6.7337240811917321e-03

+7.5563508326896289e-01 +5.5555555555555558e-01 +6.7331434065406263e-03 +6.7337240811917330e-03
+7.7500000000000002e-01 +8.8888888888888884e-01 +6.6541875542345521e-03 +6.6549916905447124e-03
+7.9436491673103715e-01 +5.5555555555555558e-01 +6.4772683503430163e-03 +6.4778575851442699e-03

+8.0563508326896294e-01 +5.5555555555555558e-01 +6.3296846364104742e-03 +6.3304467475577145e-03
+8.2500000000000007e-01 +8.8888888888888884e-01 +6.0024818628571525e-03 +6.0035547358205845e-03
+8.4436491673103720e-01 +5.5555555555555558e-01 +5.5873956482140807e-03 +5.5878932547751576e-03

+8.5563508326896309e-01 +5.5555555555555558e-01 +5.3066322325623395e-03 +5.3075011794567143e-03
+8.7500000000000000e-01 +8.8888888888888884e-01 +4.7632114249929643e-03 +4.7644480143288820e-03
+8.9436491673103702e-01 +5.5555555555555558e-01 +4.1505897303633207e-03 +4.1509469994870348e-03

+9.0563508326896291e-01 +5.5555555555555558e-01 +3.7641296923101131e-03 +3.7650204163753366e-03
+9.2500000000000004e-01 +8.8888888888888884e-01 +3.0576846656049910e-03 +3.0589639253333885e-03
+9.4436491673103717e-01 +5.5555555555555558e-01 +2.3074951708455210e-03 +2.3076771305407489e-03

+9.5563508326896296e-01 +5.5555555555555558e-01 +1.8531679115409252e-03 +1.8539932224993939e-03
+9.7500000000000009e-01 +8.8888888888888884e-01 +1.0528504270058598e-03 +1.0540471342713618e-03
+9.9436491673103711e-01 +5.5555555555555558e-01 +2.3852690674112744e-04 +2.3851574552513722e-04


