+6.9431844202973993e-04 +3.4785484513745302e-01 -3.7335100613919258e-11 +0.0000000000000000e+00
+3.3000947820757201e-03 +6.5214515486254598e-01 -2.5097741732517977e-11 +0.0000000000000000e+00
+6.6999052179242801e-03 +6.5214515486254598e-01 -8.9768336556838863e-12 +0.0000000000000000e+00
+9.3056815579702599e-03 +3.4785484513745302e-01 +1.2932727428561681e-12 +0.0000000000000000e+00

+1.0694318442029740e-02 +3.4785484513745302e-01 +4.3632986125684886e-12 +0.0000000000000000e+00
+1.3300094782075720e-02 +6.5214515486254598e-01 +1.0346053243470895e-11 +0.0000000000000000e+00
+1.6699905217924280e-02 +6.5214515486254598e-01 +1.3892654501906384e-11 +0.0000000000000000e+00
+1.9305681557970258e-02 +3.4785484513745302e-01 +1.3586946207774486e-11 +0.0000000000000000e+00

+2.0694318442029739e-02 +3.4785484513745302e-01 +1.1646552901106141e-11 +0.0000000000000000e+00
+2.3300094782075717e-02 +6.5214515486254598e-01 +8.8431945732741250e-12 +0.0000000000000000e+00
+2.6699905217924279e-02 +6.5214515486254598e-01 +4.5028310405300938e-12 +0.0000000000000000e+00
+2.9305681557970260e-02 +3.4785484513745302e-01 +1.3798501513960306e-12 +0.0000000000000000e+00

+3.0694318442029741e-02 +3.4785484513745302e-01 +2.3069930070806702e-13 +0.0000000000000000e+00
+3.3300094782075719e-02 +6.5214515486254598e-01 -1.9380973905299215e-12 +0.0000000000000000e+00
+3.6699905217924281e-02 +6.5214515486254598e-01 -3.5727988435771982e-12 +0.0000000000000000e+00
+3.9305681557970262e-02 +3.4785484513745302e-01 -3.8801952610798759e-12 +0.0000000000000000e+00

+4.0694318442029739e-02 +3.4785484513745302e-01 -3.4181051523237279e-12 +0.0000000000000000e+00
+4.3300094782075721e-02 +6.5214515486254598e-01 -2.8467233859142723e-12 +0.0000000000000000e+00
+4.6699905217924283e-02 +6.5214515486254598e-01 -1.7513194668686677e-12 +0.0000000000000000e+00
+4.9305681557970264e-02 +3.4785484513745302e-01 -8.6024806788385121e-13 +0.0000000000000000e+00

+5.0694318442029741e-02 +3.4785484513745302e-01 -4.6887809108491982e-13 +0.0000000000000000e+00
+5.3300094782075716e-02 +6.5214515486254598e-01 +2.3982226063773414e-13 +0.0000000000000000e+00
+5.6699905217924278e-02 +6.5214515486254598e-01 +8.4776792676385193e-13 +0.0000000000000000e+00
+5.9305681557970259e-02 +3.4785484513745302e-01 +1.0367037155023844e-12 +0.0000000000000000e+00

+6.0694318442029743e-02 +3.4785484513745302e-01 +9.3707229190533077e-13 +0.0000000000000000e+00
+6.3300094782075711e-02 +6.5214515486254598e-01 +8.4429575774647668e-13 +0.0000000000000000e+00
+6.6699905217924280e-02 +6.5214515486254598e-01 +5.8690058591297199e-13 +0.0000000000000000e+00
+6.9305681557970275e-02 +3.4785484513745302e-01 +3.4617763244072987e-13 +0.0000000000000000e+00

+7.0694318442029752e-02 +3.4785484513745302e-01 +2.2195687748240649e-13 +0.0000000000000000e+00
+7.3300094782075720e-02 +6.5214515486254598e-01 +7.2964775285209200e-15 +0.0000000000000000e+00
+7.6699905217924275e-02 +6.5214515486254598e-01 -1.9189318480647927e-13 +0.0000000000000000e+00
+7.9305681557970256e-02 +3.4785484513745302e-01 -2.6655424249784463e-13 +0.0000000000000000e+00

+8.0694318442029733e-02 +3.4785484513745302e-01 -2.4516253604205094e-13 +0.0000000000000000e+00
+8.3300094782075715e-02 +6.5214515486254598e-01 -2.3506097978331181e-13 +0.0000000000000000e+00
+8.6699905217924284e-02 +6.5214515486254598e-01 -1.7637669681412363e-13 +0.0000000000000000e+00
+8.9305681557970265e-02 +3.4785484513745302e-01 -1.1333041861773989e-13 +0.0000000000000000e+00

+9.0694318442029742e-02 +3.4785484513745302e-01 -7.5437679292280967e-14 +0.0000000000000000e+00
+9.3300094782075724e-02 +6.5214515486254598e-01 -1.5031759218296738e-14 +0.0000000000000000e+00
+9.6699905217924279e-02 +6.5214515486254598e-01 +4.1958905324867752e-14 +0.0000000000000000e+00
+9.9305681557970260e-02 +3.4785484513745302e-01 +6.3615683046220344e-14 +0.0000000000000000e+00

+1.0069431844202975e-01 +3.4785484513745302e-01 +5.5122628461631913e-14 +0.0000000000000000e+00
+1.0330009478207572e-01 +6.5214515486254598e-01 +5.3856214516431904e-14 +0.0000000000000000e+00
+1.0669990521792429e-01 +6.5214515486254598e-01 +4.1671438675112218e-14 +0.0000000000000000e+00
+1.0930568155797026e-01 +3.4785484513745302e-01 +2.8775817823013843e-14 +0.0000000000000000e+00

+1.1069431844202973e-01 +3.4785484513745302e-01 +2.1386264100029776e-14 +0.0000000000000000e+00
+1.1330009478207573e-01 +6.5214515486254598e-01 +1.0089778802035305e-14 +0.0000000000000000e+00
+1.1669990521792428e-01 +6.5214515486254598e-01 +6.4574029211605061e-16 +0.0000000000000000e+00
+1.1930568155797026e-01 +3.4785484513745302e-01 -2.1361087615523025e-15 +0.0000000000000000e+00

+1.2069431844202974e-01 +3.4785484513745302e-01 +4.4208371901389089e-15 +0.0000000000000000e+00
+1.2330009478207571e-01 +6.5214515486254598e-01 +2.7133072217429933e-15 +0.0000000000000000e+00
+1.2669990521792429e-01 +6.5214515486254598e-01 -3.3332691169592796e-15 +0.0000000000000000e+00
+1.2930568155797026e-01 +3.4785484513745302e-01 -1.0718984836020121e-14 +0.0000000000000000e+00

+1.3069431844202975e-01 +3.4785484513745302e-01 -2.0703972038931908e-14 +0.0000000000000000e+00
+1.3330009478207572e-01 +6.5214515486254598e-01 -2.6642223431992265e-14 +0.0000000000000000e+00
+1.3669990521792430e-01 +6.5214515486254598e-01 -2.7513704087048538e-14 +0.0000000000000000e+00
+1.3930568155797027e-01 +3.4785484513745302e-01 -2.2028090434946404e-14 +0.0000000000000000e+00

+1.4069431844202976e-01 +3.4785484513745302e-01 -1.8288300147600871e-14 +0.0000000000000000e+00
+1.4330009478207573e-01 +6.5214515486254598e-01 -4.9009580466928168e-15 +0.0000000000000000e+00
+1.4669990521792428e-01 +6.5214515486254598e-01 +1.7258557493649185e-14 +0.0000000000000000e+00
+1.4930568155797025e-01 +3.4785484513745302e-01 +3.4038643940697947e-14 +0.0000000000000000e+00

+1.5069431844202974e-01 +3.4785484513745302e-01 +5.2935187817929327e-14 +0.0000000000000000e+00
+1.5330009478207574e-01 +6.5214515486254598e-01 +5.6959979672220703e-14 +0.0000000000000000e+00
+1.5669990521792426e-01 +6.5214515486254598e-01 +4.0849621019032982e-14 +0.0000000000000000e+00
+1.5930568155797026e-01 +3.4785484513745302e-01 +1.4118116762092831e-14 +0.0000000000000000e+00

+1.6069431844202975e-01 +3.4785484513745302e-01 -1.5051184230619511e-14 +0.0000000000000000e+00
+1.6330009478207572e-01 +6.5214515486254598e-01 -4.5689219037401222e-14 +0.0000000000000000e+00
+1.6669990521792430e-01 +6.5214515486254598e-01 -7.2343418436944263e-14 +0.0000000000000000e+00
+1.6930568155797027e-01 +3.4785484513745302e-01 -7.6884000436877741e-14 +0.0000000000000000e+00

+1.7069431844202973e-01 +3.4785484513745302e-01 -8.1359625154956103e-14 +0.0000000000000000e+00
+1.7330009478207573e-01 +6.5214515486254598e-01 -5.7070985847603624e-14 +0.0000000000000000e+00
+1.7669990521792428e-01 +6.5214515486254598e-01 +1.3587970566574516e-15 +0.0000000000000000e+00
+1.7930568155797028e-01 +3.4785484513745302e-01 +5.6924836796804898e-14 +0.0000000000000000e+00

+1.8069431844202974e-01 +3.4785484513745302e-01 +1.1665253716330567e-13 +0.0000000000000000e+00
+1.8330009478207571e-01 +6.5214515486254598e-01 +1.4981147824833724e-13 +0.0000000000000000e+00
+1.8669990521792426e-01 +6.5214515486254598e-01 +1.4024965759890478e-13 +0.0000000000000000e+00
+1.8930568155797026e-01 +3.4785484513745302e-01 +9.1648778673513814e-14 +0.0000000000000000e+00

+1.9069431844202975e-01 +3.4785484513745302e-01 +3.8472900996118187e-14 +0.0000000000000000e+00
+1.9330009478207572e-01 +6.5214515486254598e-01 -4.1765279133032474e-14 +0.0000000000000000e+00
+1.9669990521792430e-01 +6.5214515486254598e-01 -1.4284749528199033e-13 +0.0000000000000000e+00
+1.9930568155797027e-01 +3.4785484513745302e-01 -1.9843026012438029e-13 +0.0000000000000000e+00

+2.0069431844202976e-01 +3.4785484513745302e-01 -2.5568443483965014e-13 +0.0000000000000000e+00
+2.0330009478207572e-01 +6.5214515486254598e-01 -2.3717337685451356e-13 +0.0000000000000000e+00
+2.0669990521792428e-01 +6.5214515486254598e-01 -1.1774124113567782e-13 +0.0000000000000000e+00
+2.0930568155797025e-01 +3.4785484513745302e-01 +2.9394131568972784e-14 +0.0000000000000000e+00

+2.1069431844202974e-01 +3.4785484513745302e-01 +1.8417666735174233e-13 +0.0000000000000000e+00
+2.1330009478207573e-01 +6.5214515486254598e-01 +3.1844398810577352e-13 +0.0000000000000000e+00
+2.1669990521792429e-01 +6.5214515486254598e-01 +3.9455004066923204e-13 +0.0000000000000000e+00
+2.1930568155797026e-01 +3.4785484513745302e-01 +3.5765101403743308e-13 +0.0000000000000000e+00

+2.2069431844202972e-01 +3.4785484513745302e-01 +3.1575595172918012e-13 +0.0000000000000000e+00
+2.2330009478207574e-01 +6.5214515486254598e-01 +1.5100633456019464e-13 +0.0000000000000000e+00
+2.2669990521792427e-01 +6.5214515486254598e-01 -1.4907034241252691e-13 +0.0000000000000000e+00
+2.2930568155797029e-01 +3.4785484513745302e-01 -3.9346115192670774e-13 +0.0000000000000000e+00

+2.3069431844202976e-01 +3.4785484513745302e-01 -6.4105563585726353e-13 +0.0000000000000000e+00
+2.3330009478207570e-01 +6.5214515486254598e-01 -7.4320837423468496e-13 +0.0000000000000000e+00
+2.3669990521792428e-01 +6.5214515486254598e-01 -6.1398741283055025e-13 +0.0000000000000000e+00
+2.3930568155797025e-01 +3.4785484513745302e-01 -3.2332013063543556e-13 +0.0000000000000000e+00

+2.4069431844202974e-01 +3.4785484513745302e-01 -2.4363462530082496e-14 +0.0000000000000000e+00
+2.4330009478207570e-01 +6.5214515486254598e-01 +3.8071860027845898e-13 +0.0000000000000000e+00
+2.4669990521792429e-01 +6.5214515486254598e-01 +8.3751574385240714e-13 +0.0000000000000000e+00
+2.4930568155797025e-01 +3.4785484513745302e-01 +1.0454734434068301e-12 +0.0000000000000000e+00

+2.5069431844202972e-01 +3.4785484513745302e-01 +1.2434272552448636e-12 +0.0000000000000000e+00
+2.5330009478207571e-01 +6.5214515486254598e-01 +1.0851813554544689e-12 +0.0000000000000000e+00
+2.5669990521792430e-01 +6.5214515486254598e-01 +4.5059417350318744e-13 +0.0000000000000000e+00
+2.5930568155797029e-01 +3.4785484513745302e-01 -2.7287057606242025e-13 +0.0000000000000000e+00

+2.6069431844202973e-01 +3.4785484513745302e-01 -9.8786774818873318e-13 +0.0000000000000000e+00
+2.6330009478207572e-01 +6.5214515486254598e-01 -1.6235378204060620e-12 +0.0000000000000000e+00
+2.6669990521792430e-01 +6.5214515486254598e-01 -1.9711066407612110e-12 +0.0000000000000000e+00
+2.6930568155797024e-01 +3.4785484513745302e-01 -1.7783824032783140e-12 +0.0000000000000000e+00

+2.7069431844202974e-01 +3.4785484513745302e-01 -1.5697445240337601e-12 +0.0000000000000000e+00
+2.7330009478207573e-01 +6.5214515486254598e-01 -7.5927531744135291e-13 +0.0000000000000000e+00
+2.7669990521792431e-01 +6.5214515486254598e-01 +7.1668804871649785e-13 +0.0000000000000000e+00
+2.7930568155797031e-01 +3.4785484513745302e-01 +1.9292120342785112e-12 +0.0000000000000000e+00

+2.8069431844202980e-01 +3.4785484513745302e-01 +3.0801207098460472e-12 +0.0000000000000000e+00
+2.8330009478207574e-01 +6.5214515486254598e-01 +3.6583715737876711e-12 +0.0000000000000000e+00
+2.8669990521792427e-01 +6.5214515486254598e-01 +3.2072815660088005e-12 +0.0000000000000000e+00
+2.8930568155797021e-01 +3.4785484513745302e-01 +1.9465591646578776e-12 +0.0000000000000000e+00

+2.9069431844202970e-01 +3.4785484513745302e-01 +7.2053079023604428e-13 +0.0000000000000000e+00
+2.9330009478207569e-01 +6.5214515486254598e-01 -1.2365558997351404e-12 +0.0000000000000000e+00
+2.9669990521792428e-01 +6.5214515486254598e-01 -3.7069221339064505e-12 +0.0000000000000000e+00
+2.9930568155797027e-01 +3.4785484513745302e-01 -5.0967174004146960e-12 +0.0000000000000000e+00

+3.0069431844202971e-01 +3.4785484513745302e-01 -6.3447829150236590e-12 +0.0000000000000000e+00
+3.0330009478207570e-01 +6.5214515486254598e-01 -6.0680531349401183e-12 +0.0000000000000000e+00
+3.0669990521792428e-01 +6.5214515486254598e-01 -3.5340185912041426e-12 +0.0000000000000000e+00
+3.0930568155797028e-01 +3.4785484513745302e-01 -2.3584841884546847e-13 +0.0000000000000000e+00

+3.1069431844202977e-01 +3.4785484513745302e-01 +2.8300311464884196e-12 +0.0000000000000000e+00
+3.1330009478207577e-01 +6.5214515486254598e-01 +6.3407203823803969e-12 +0.0000000000000000e+00
+3.1669990521792429e-01 +6.5214515486254598e-01 +9.3802559419790703e-12 +0.0000000000000000e+00
+3.1930568155797023e-01 +3.4785484513745302e-01 +9.9057121260751298e-12 +0.0000000000000000e+00

+3.2069431844202972e-01 +3.4785484513745302e-01 +1.0262619854862378e-11 +0.0000000000000000e+00
+3.2330009478207572e-01 +6.5214515486254598e-01 +7.5478372175838285e-12 +0.0000000000000000e+00
+3.2669990521792430e-01 +6.5214515486254598e-01 +9.2228470443691852e-13 +0.0000000000000000e+00
+3.2930568155797030e-01 +3.4785484513745302e-01 -5.5781334277996293e-12 +0.0000000000000000e+00

+3.3069431844202979e-01 +3.4785484513745302e-01 -1.1371463205619106e-11 +0.0000000000000000e+00
+3.3330009478207573e-01 +6.5214515486254598e-01 -1.6403089523759386e-11 +0.0000000000000000e+00
+3.3669990521792431e-01 +6.5214515486254598e-01 -1.8400360886401458e-11 +0.0000000000000000e+00
+3.3930568155797025e-01 +3.4785484513745302e-01 -1.5791361842574685e-11 +0.0000000000000000e+00

+3.4069431844202974e-01 +3.4785484513745302e-01 -1.3262343132794773e-11 +0.0000000000000000e+00
+3.4330009478207579e-01 +6.5214515486254598e-01 -5.4049303395794443e-12 +0.0000000000000000e+00
+3.4669990521792432e-01 +6.5214515486254598e-01 +8.1508167889602266e-12 +0.0000000000000000e+00
+3.4930568155797032e-01 +3.4785484513745302e-01 +1.9008046488329668e-11 +0.0000000000000000e+00

+3.5069431844202975e-01 +3.4785484513745302e-01 +2.8253886884797323e-11 +0.0000000000000000e+00
+3.5330009478207575e-01 +6.5214515486254598e-01 +3.3794018593966874e-11 +0.0000000000000000e+00
+3.5669990521792427e-01 +6.5214515486254598e-01 +3.1044414269529467e-11 +0.0000000000000000e+00
+3.5930568155797027e-01 +3.4785484513745302e-01 +2.1062823610954564e-11 +0.0000000000000000e+00

+3.6069431844202976e-01 +3.4785484513745302e-01 +1.2158470232080958e-11 +0.0000000000000000e+00
+3.6330009478207570e-01 +6.5214515486254598e-01 -5.1963780719537380e-12 +0.0000000000000000e+00
+3.6669990521792428e-01 +6.5214515486254598e-01 -2.9602968064626724e-11 +0.0000000000000000e+00
+3.6930568155797022e-01 +3.4785484513745302e-01 -4.5753044540344410e-11 +0.0000000000000000e+00

+3.7069431844202971e-01 +3.4785484513745302e-01 -5.8796516080305419e-11 +0.0000000000000000e+00
+3.7330009478207571e-01 +6.5214515486254598e-01 -6.2099521495390868e-11 +0.0000000000000000e+00
+3.7669990521792429e-01 +6.5214515486254598e-01 -4.7378756246639417e-11 +0.0000000000000000e+00
+3.7930568155797029e-01 +3.4785484513745302e-01 -2.2532582151544726e-11 +0.0000000000000000e+00

+3.8069431844202978e-01 +3.4785484513745302e-01 -1.4328584204298133e-12 +0.0000000000000000e+00
+3.8330009478207572e-01 +6.5214515486254598e-01 +3.2560452610996783e-11 +0.0000000000000000e+00
+3.8669990521792430e-01 +6.5214515486254598e-01 +7.3774755385429142e-11 +0.0000000000000000e+00
+3.8930568155797024e-01 +3.4785484513745302e-01 +9.6060152992830768e-11 +0.0000000000000000e+00

+3.9069431844202973e-01 +3.4785484513745302e-01 +1.1291343360297315e-10 +0.0000000000000000e+00
+3.9330009478207573e-01 +6.5214515486254598e-01 +1.0853985658898650e-10 +0.0000000000000000e+00
+3.9669990521792431e-01 +6.5214515486254598e-01 +6.8598902449843617e-11 +0.0000000000000000e+00
+3.9930568155797030e-01 +3.4785484513745302e-01 +1.5424421341704779e-11 +0.0000000000000000e+00

+4.0069431844202974e-01 +3.4785484513745302e-01 -2.7945515616062148e-11 +0.0000000000000000e+00
+4.0330009478207574e-01 +6.5214515486254598e-01 -9.1588182724550428e-11 +0.0000000000000000e+00
+4.0669990521792432e-01 +6.5214515486254598e-01 -1.6127000678224994e-10 +0.0000000000000000e+00
+4.0930568155797031e-01 +3.4785484513745302e-01 -1.9234699781242961e-10 +0.0000000000000000e+00

+4.1069431844202980e-01 +3.4785484513745302e-01 -2.1419255175556749e-10 +0.0000000000000000e+00
+4.1330009478207574e-01 +6.5214515486254598e-01 -1.9350162715976212e-10 +0.0000000000000000e+00
+4.1669990521792427e-01 +6.5214515486254598e-01 -1.0450459520842331e-10 +0.0000000000000000e+00
+4.1930568155797021e-01 +3.4785484513745302e-01 +3.0174471616775416e-12 +0.0000000000000000e+00

+4.2069431844202970e-01 +3.4785484513745302e-01 +8.8446658405577342e-11 +0.0000000000000000e+00
+4.2330009478207570e-01 +6.5214515486254598e-01 +2.1009708576536724e-10 +0.0000000000000000e+00
+4.2669990521792428e-01 +6.5214515486254598e-01 +3.4142012984283130e-10 +0.0000000000000000e+00
+4.2930568155797028e-01 +3.4785484513745302e-01 +3.9877664260299404e-10 +0.0000000000000000e+00

+4.3069431844202977e-01 +3.4785484513745302e-01 +4.3801331207462381e-10 +0.0000000000000000e+00
+4.3330009478207576e-01 +6.5214515486254598e-01 +3.9899700875317338e-10 +0.0000000000000000e+00
+4.3669990521792429e-01 +6.5214515486254598e-01 +2.4145919335678518e-10 +0.0000000000000000e+00
+4.3930568155797023e-01 +3.4785484513745302e-01 +4.6139950722530367e-11 +0.0000000000000000e+00

+4.4069431844202972e-01 +3.4785484513745302e-01 -8.9277078549243242e-11 +0.0000000000000000e+00
+4.4330009478207577e-01 +6.5214515486254598e-01 -3.1805327911953581e-10 +0.0000000000000000e+00
+4.4669990521792435e-01 +6.5214515486254598e-01 -5.5636721735466062e-10 +0.0000000000000000e+00
+4.4930568155797029e-01 +3.4785484513745302e-01 -6.2166109120841316e-10 +0.0000000000000000e+00

+4.5069431844202973e-01 +3.4785484513745302e-01 -5.7116392033493206e-10 +0.0000000000000000e+00
+4.5330009478207578e-01 +6.5214515486254598e-01 -3.2269143475609011e-10 +0.0000000000000000e+00
+4.5669990521792425e-01 +6.5214515486254598e-01 +5.7002859572956647e-10 +0.0000000000000000e+00
+4.5930568155797030e-01 +3.4785484513745302e-01 +1.8627160959191590e-09 +0.0000000000000000e+00

+4.6069431844202979e-01 +3.4785484513745302e-01 +3.2247144386241022e-09 +0.0000000000000000e+00
+4.6330009478207573e-01 +6.5214515486254598e-01 +6.0842323777732629e-09 +0.0000000000000000e+00
+4.6669990521792426e-01 +6.5214515486254598e-01 +1.1965439832463546e-08 +0.0000000000000000e+00
+4.6930568155797026e-01 +3.4785484513745302e-01 +1.8633650312779635e-08 +0.0000000000000000e+00

+4.7069431844202975e-01 +3.4785484513745302e-01 +2.5606823231689923e-08 +0.0000000000000000e+00
+4.7330009478207569e-01 +6.5214515486254598e-01 +3.8938202988680116e-08 +0.0000000000000000e+00
+4.7669990521792427e-01 +6.5214515486254598e-01 +6.4777198645188505e-08 +0.0000000000000000e+00
+4.7930568155797026e-01 +3.4785484513745302e-01 +9.3045440583039199e-08 +0.0000000000000000e+00

+4.8069431844202976e-01 +3.4785484513745302e-01 +1.2257045681258020e-07 +0.0000000000000000e+00
+4.8330009478207570e-01 +6.5214515486254598e-01 +1.7816560167390671e-07 +0.0000000000000000e+00
+4.8669990521792428e-01 +6.5214515486254598e-01 +2.8494761595276283e-07 +0.0000000000000000e+00
+4.8930568155797022e-01 +3.4785484513745302e-01 +4.0115388625087573e-07 +0.0000000000000000e+00

+4.9069431844202971e-01 +3.4785484513745302e-01 +5.1974342295054010e-07 +0.0000000000000000e+00
+4.9330009478207570e-01 +6.5214515486254598e-01 +7.4507116629895232e-07 +0.0000000000000000e+00
+4.9669990521792429e-01 +6.5214515486254598e-01 +1.1770877767612682e-06 +0.0000000000000000e+00
+4.9930568155797028e-01 +3.4785484513745302e-01 +1.6467668980379890e-06 +0.0000000000000000e+00

+5.0069431844202972e-01 +3.4785484513745302e-01 +2.1103218533901102e-06 +0.0000000000000000e+00
+5.0330009478207571e-01 +6.5214515486254598e-01 +3.0049266111010192e-06 +0.0000000000000000e+00
+5.0669990521792430e-01 +6.5214515486254598e-01 +4.7173827130455071e-06 +0.0000000000000000e+00
+5.0930568155797029e-01 +3.4785484513745302e-01 +6.5772183589052718e-06 +0.0000000000000000e+00

+5.1069431844202973e-01 +3.4785484513745302e-01 +8.3470660112441477e-06 +0.0000000000000000e+00
+5.1330009478207572e-01 +6.5214515486254598e-01 +1.1821121249954883e-05 +0.0000000000000000e+00
+5.1669990521792430e-01 +6.5214515486254598e-01 +1.8456228800997829e-05 +0.0000000000000000e+00
+5.1930568155797030e-01 +3.4785484513745302e-01 +2.5651290080315016e-05 +0.0000000000000000e+00

+5.2069431844202974e-01 +3.4785484513745302e-01 +3.2249322712569662e-05 +0.0000000000000000e+00
+5.2330009478207573e-01 +6.5214515486254598e-01 +4.5423127907541453e-05 +0.0000000000000000e+00
+5.2669990521792431e-01 +6.5214515486254598e-01 +7.0510070836879671e-05 +0.0000000000000000e+00
+5.2930568155797031e-01 +3.4785484513745302e-01 +9.7657422421766407e-05 +0.0000000000000000e+00

+5.3069431844202974e-01 +3.4785484513745302e-01 +1.2164766393908092e-04 +0.0000000000000000e+00
+5.3330009478207574e-01 +6.5214515486254598e-01 +1.7035560173511510e-04 +0.0000000000000000e+00
+5.3669990521792432e-01 +6.5214515486254598e-01 +2.6276654723294749e-04 +0.0000000000000000e+00
+5.3930568155797032e-01 +3.4785484513745302e-01 +3.6249554628333162e-04 +0.0000000000000000e+00

+5.4069431844202975e-01 +3.4785484513745302e-01 +4.4738371068981427e-04 +0.0000000000000000e+00
+5.4330009478207575e-01 +6.5214515486254598e-01 +6.2268166679055662e-04 +0.0000000000000000e+00
+5.4669990521792433e-01 +6.5214515486254598e-01 +9.5370888490090922e-04 +0.0000000000000000e+00
+5.4930568155797033e-01 +3.4785484513745302e-01 +1.3097030768484297e-03 +0.0000000000000000e+00

+5.5069431844202976e-01 +3.4785484513745302e-01 +1.6013430088346881e-03 +0.0000000000000000e+00
+5.5330009478207576e-01 +6.5214515486254598e-01 +2.2141548574652319e-03 +0.0000000000000000e+00
+5.5669990521792434e-01 +6.5214515486254598e-01 +3.3655408228537029e-03 +0.0000000000000000e+00
+5.5930568155797034e-01 +3.4785484513745302e-01 +4.5992595809446592e-03 +0.0000000000000000e+00

+5.6069431844202977e-01 +3.4785484513745302e-01 +5.5707287660529629e-03 +0.0000000000000000e+00
+5.6330009478207577e-01 +6.5214515486254598e-01 +7.6723535905565705e-03 +0.0000000000000000e+00
+5.6669990521792435e-01 +6.5214515486254598e-01 +1.1596026941388280e-02 +0.0000000000000000e+00
+5.6930568155797034e-01 +3.4785484513745302e-01 +1.5798966614257396e-02 +0.0000000000000000e+00

+5.7069431844202989e-01 +3.4785484513745302e-01 +1.8824528538209866e-02 +0.0000000000000000e+00
+5.7330009478207578e-01 +6.5214515486254598e-01 +2.5657498661437822e-02 +0.0000000000000000e+00
+5.7669990521792425e-01 +6.5214515486254598e-01 +3.9611614751934657e-02 +0.0000000000000000e+00
+5.7930568155797013e-01 +3.4785484513745302e-01 +5.5444985129123436e-02 +0.0000000000000000e+00

+5.8069431844202968e-01 +3.4785484513745302e-01 +6.9823954518468567e-02 +0.0000000000000000e+00
+5.8330009478207567e-01 +6.5214515486254598e-01 +1.0040860657550336e-01 +0.0000000000000000e+00
+5.8669990521792426e-01 +6.5214515486254598e-01 +1.5451357662055976e-01 +0.0000000000000000e+00
+5.8930568155797025e-01 +3.4785484513745302e-01 +2.0729898482063525e-01 +0.0000000000000000e+00

+5.9069431844202969e-01 +3.4785484513745302e-01 +2.4168781556205271e-01 +0.0000000000000000e+00
+5.9330009478207568e-01 +6.5214515486254598e-01 +3.0725093395460129e-01 +0.0000000000000000e+00
+5.9669990521792426e-01 +6.5214515486254598e-01 +4.0173235899020365e-01 +0.0000000000000000e+00
+5.9930568155797026e-01 +3.4785484513745302e-01 +4.7832865090564647e-01 +0.0000000000000000e+00

+6.0069431844202970e-01 +3.4785484513745302e-01 +5.2296061538768890e-01 +1.0000000000000000e+00
+6.0330009478207569e-01 +6.5214515486254598e-01 +5.9923075737069253e-01 +1.0000000000000000e+00
+6.0669990521792427e-01 +6.5214515486254598e-01 +6.9281387116137538e-01 +1.0000000000000000e+00
+6.0930568155797027e-01 +3.4785484513745302e-01 +7.5747837563486753e-01 +1.0000000000000000e+00

+6.1069431844202970e-01 +3.4785484513745302e-01 +7.9051376002288043e-01 +1.0000000000000000e+00
+6.1330009478207570e-01 +6.5214515486254598e-01 +8.4286075081868561e-01 +1.0000000000000000e+00
+6.1669990521792428e-01 +6.5214515486254598e-01 +8.9734301349689993e-01 +1.0000000000000000e+00
+6.1930568155797028e-01 +3.4785484513745302e-01 +9.2876887530046448e-01 +1.0000000000000000e+00

+6.2069431844202982e-01 +3.4785484513745302e-01 +9.4481580941971144e-01 +1.0000000000000000e+00
+6.2330009478207571e-01 +6.5214515486254598e-01 +9.6114755274722685e-01 +1.0000000000000000e+00
+6.2669990521792429e-01 +6.5214515486254598e-01 +9.7531884573518157e-01 +1.0000000000000000e+00
+6.2930568155797018e-01 +3.4785484513745302e-01 +9.8207389725571270e-01 +1.0000000000000000e+00

+6.3069431844202972e-01 +3.4785484513745302e-01 +9.8501796980445233e-01 +1.0000000000000000e+00
+6.3330009478207572e-01 +6.5214515486254598e-01 +9.8907920052772547e-01 +1.0000000000000000e+00
+6.3669990521792430e-01 +6.5214515486254598e-01 +9.9284989917905409e-01 +1.0000000000000000e+00
+6.3930568155797030e-01 +3.4785484513745302e-01 +9.9485852385514650e-01 +1.0000000000000000e+00

+6.4069431844202973e-01 +3.4785484513745302e-01 +9.9581730353424502e-01 +1.0000000000000000e+00
+6.4330009478207573e-01 +6.5214515486254598e-01 +9.9695481628081051e-01 +1.0000000000000000e+00
+6.4669990521792431e-01 +6.5214515486254598e-01 +9.9801086056213439e-01 +1.0000000000000000e+00
+6.4930568155797030e-01 +3.4785484513745302e-01 +9.9856920049860820e-01 +1.0000000000000000e+00

+6.5069431844202974e-01 +3.4785484513745302e-01 +9.9884011890683455e-01 +1.0000000000000000e+00
+6.5330009478207574e-01 +6.5214515486254598e-01 +9.9915735898934455e-01 +1.0000000000000000e+00
+6.5669990521792432e-01 +6.5214515486254598e-01 +9.9945134932516733e-01 +1.0000000000000000e+00
+6.5930568155797031e-01 +3.4785484513745302e-01 +9.9960636492880550e-01 +1.0000000000000000e+00

+6.6069431844202975e-01 +3.4785484513745302e-01 +9.9968319666273775e-01 +1.0000000000000000e+00
+6.6330009478207574e-01 +6.5214515486254598e-01 +9.9976918046304619e-01 +1.0000000000000000e+00
+6.6669990521792433e-01 +6.5214515486254598e-01 +9.9984897156000485e-01 +1.0000000000000000e+00
+6.6930568155797032e-01 +3.4785484513745302e-01 +9.9989116511086618e-01 +1.0000000000000000e+00

+6.7069431844202987e-01 +3.4785484513745302e-01 +9.9991280157927420e-01 +1.0000000000000000e+00
+6.7330009478207575e-01 +6.5214515486254598e-01 +9.9993592320714875e-01 +1.0000000000000000e+00
+6.7669990521792434e-01 +6.5214515486254598e-01 +9.9995772347402734e-01 +1.0000000000000000e+00
+6.7930568155797022e-01 +3.4785484513745302e-01 +9.9996951380495369e-01 +1.0000000000000000e+00

+6.8069431844202977e-01 +3.4785484513745302e-01 +9.9997576451843073e-01 +1.0000000000000000e+00
+6.8330009478207576e-01 +6.5214515486254598e-01 +9.9998241345705652e-01 +1.0000000000000000e+00
+6.8669990521792434e-01 +6.5214515486254598e-01 +9.9998884076449812e-01 +1.0000000000000000e+00
+6.8930568155797034e-01 +3.4785484513745302e-01 +9.9999236851759599e-01 +1.0000000000000000e+00

+6.9069431844202978e-01 +3.4785484513745302e-01 +9.9999392014829214e-01 +1.0000000000000000e+00
+6.9330009478207577e-01 +6.5214515486254598e-01 +9.9999609823560665e-01 +1.0000000000000000e+00
+6.9669990521792435e-01 +6.5214515486254598e-01 +9.9999772365031225e-01 +1.0000000000000000e+00
+6.9930568155797035e-01 +3.4785484513745302e-01 +9.9999809640699788e-01 +1.0000000000000000e+00

+7.0069431844202978e-01 +3.4785484513745302e-01 +9.9999789886682255e-01 +1.0000000000000000e+00
+7.0330009478207578e-01 +6.5214515486254598e-01 +9.9999711508846967e-01 +1.0000000000000000e+00
+7.0669990521792436e-01 +6.5214515486254598e-01 +9.9999492742786611e-01 +1.0000000000000000e+00
+7.0930568155797025e-01 +3.4785484513745302e-01 +9.9999223243393520e-01 +1.0000000000000000e+00

+7.1069431844202968e-01 +3.4785484513745302e-01 +9.9999031579643161e-01 +1.0000000000000000e+00
+7.1330009478207568e-01 +6.5214515486254598e-01 +9.9998606979465710e-01 +1.0000000000000000e+00
+7.1669990521792426e-01 +6.5214515486254598e-01 +9.9997837987962579e-01 +1.0000000000000000e+00
+7.1930568155797026e-01 +3.4785484513745302e-01 +9.9997042166818428e-01 +1.0000000000000000e+00

+7.2069431844202980e-01 +3.4785484513745302e-01 +9.9996328754892683e-01 +1.0000000000000000e+00
+7.2330009478207569e-01 +6.5214515486254598e-01 +9.9994946764417403e-01 +1.0000000000000000e+00
+7.2669990521792427e-01 +6.5214515486254598e-01 +9.9992388907569030e-01 +1.0000000000000000e+00
+7.2930568155797015e-01 +3.4785484513745302e-01 +9.9989673064656859e-01 +1.0000000000000000e+00

+7.3069431844202970e-01 +3.4785484513745302e-01 +9.9987221006284654e-01 +1.0000000000000000e+00
+7.3330009478207570e-01 +6.5214515486254598e-01 +9.9982351179678508e-01 +1.0000000000000000e+00
+7.3669990521792428e-01 +6.5214515486254598e-01 +9.9973161432361812e-01 +1.0000000000000000e+00
+7.3930568155797027e-01 +3.4785484513745302e-01 +9.9963274889286646e-01 +1.0000000000000000e+00

+7.4069431844202971e-01 +3.4785484513745302e-01 +9.9954769406221122e-01 +1.0000000000000000e+00
+7.4330009478207570e-01 +6.5214515486254598e-01 +9.9937326230161694e-01 +1.0000000000000000e+00
+7.4669990521792418e-01 +6.5214515486254598e-01 +9.9904388256441090e-01 +1.0000000000000000e+00
+7.4930568155797028e-01 +3.4785484513745302e-01 +9.9868961843197668e-01 +1.0000000000000000e+00

+7.5069431844202972e-01 +3.4785484513745302e-01 +9.9839802755712492e-01 +1.0000000000000000e+00
+7.5330009478207560e-01 +6.5214515486254598e-01 +9.9778665434520619e-01 +1.0000000000000000e+00
+7.5669990521792418e-01 +6.5214515486254598e-01 +9.9663743663171356e-01 +1.0000000000000000e+00
+7.5930568155797029e-01 +3.4785484513745302e-01 +9.9540563555885564e-01 +1.0000000000000000e+00

+7.6069431844202973e-01 +3.4785484513745302e-01 +9.9443449674228168e-01 +1.0000000000000000e+00
+7.6330009478207561e-01 +6.5214515486254598e-01 +9.9233440245794435e-01 +1.0000000000000000e+00
+7.6669990521792419e-01 +6.5214515486254598e-01 +9.8841272117999468e-01 +1.0000000000000000e+00
+7.6930568155797030e-01 +3.4785484513745302e-01 +9.8421133769566616e-01 +1.0000000000000000e+00

+7.7069431844202985e-01 +3.4785484513745302e-01 +9.8118598412202929e-01 +1.0000000000000000e+00
+7.7330009478207573e-01 +6.5214515486254598e-01 +9.7435437243427037e-01 +1.0000000000000000e+00
+7.7669990521792420e-01 +6.5214515486254598e-01 +9.6040271111867126e-01 +1.0000000000000000e+00
+7.7930568155797020e-01 +3.4785484513745302e-01 +9.4457194596438154e-01 +1.0000000000000000e+00

+7.8069431844202974e-01 +3.4785484513745302e-01 +9.3019461709869400e-01 +1.0000000000000000e+00
+7.8330009478207574e-01 +6.5214515486254598e-01 +8.9961031524877666e-01 +1.0000000000000000e+00
+7.8669990521792432e-01 +6.5214515486254598e-01 +8.4550273468543646e-01 +1.0000000000000000e+00
+7.8930568155797032e-01 +3.4785484513745302e-01 +7.9271226593308886e-01 +1.0000000000000000e+00

+7.9069431844202975e-01 +3.4785484513745302e-01 +7.5831869172377053e-01 +1.0000000000000000e+00
+7.9330009478207575e-01 +6.5214515486254598e-01 +6.9274731840728931e-01 +1.0000000000000000e+00
+7.9669990521792433e-01 +6.5214515486254598e-01 +5.9825289322756692e-01 +1.0000000000000000e+00
+7.9930568155797033e-01 +3.4785484513745302e-01 +5.2164608935971890e-01 +1.0000000000000000e+00

+8.0069431844202976e-01 +3.4785484513745302e-01 +4.7700432804891679e-01 +0.0000000000000000e+00
+8.0330009478207576e-01 +6.5214515486254598e-01 +4.0072682190544279e-01 +0.0000000000000000e+00
+8.0669990521792434e-01 +6.5214515486254598e-01 +3.0713983971839875e-01 +0.0000000000000000e+00
+8.0930568155797034e-01 +3.4785484513745302e-01 +2.4247743629888577e-01 +0.0000000000000000e+00

+8.1069431844202977e-01 +3.4785484513745302e-01 +2.0944336148327394e-01 +0.0000000000000000e+00
+8.1330009478207577e-01 +6.5214515486254598e-01 +1.5710404816614504e-01 +0.0000000000000000e+00
+8.1669990521792435e-01 +6.5214515486254598e-01 +1.0263790047873905e-01 +0.0000000000000000e+00
+8.1930568155797034e-01 +3.4785484513745302e-01 +7.1226683764384846e-02 +0.0000000000000000e+00

+8.2069431844202989e-01 +3.4785484513745302e-01 +5.5190337701247996e-02 +0.0000000000000000e+00
+8.2330009478207578e-01 +6.5214515486254598e-01 +3.8874598700561314e-02 +0.0000000000000000e+00
+8.2669990521792436e-01 +6.5214515486254598e-01 +2.4713268928236738e-02 +0.0000000000000000e+00
+8.2930568155797024e-01 +3.4785484513745302e-01 +1.7959430927140824e-02 +0.0000000000000000e+00

+8.3069431844202979e-01 +3.4785484513745302e-01 +1.5016613853675736e-02 +0.0000000000000000e+00
+8.3330009478207578e-01 +6.5214515486254598e-01 +1.0950225305654787e-02 +0.0000000000000000e+00
+8.3669990521792426e-01 +6.5214515486254598e-01 +7.1734290248861195e-03 +0.0000000000000000e+00
+8.3930568155797025e-01 +3.4785484513745302e-01 +5.1605469417258425e-03 +0.0000000000000000e+00

+8.4069431844202969e-01 +3.4785484513745302e-01 +4.2017009674709671e-03 +0.0000000000000000e+00
+8.4330009478207568e-01 +6.5214515486254598e-01 +3.0588831106788403e-03 +0.0000000000000000e+00
+8.4669990521792426e-01 +6.5214515486254598e-01 +1.9974066080615839e-03 +0.0000000000000000e+00
+8.4930568155797026e-01 +3.4785484513745302e-01 +1.4358295554201686e-03 +0.0000000000000000e+00

+8.5069431844202970e-01 +3.4785484513745302e-01 +1.1643352031062270e-03 +0.0000000000000000e+00
+8.5330009478207569e-01 +6.5214515486254598e-01 +8.4402955240184176e-04 +0.0000000000000000e+00
+8.5669990521792427e-01 +6.5214515486254598e-01 +5.4719795227107940e-04 +0.0000000000000000e+00
+8.5930568155797027e-01 +3.4785484513745302e-01 +3.9072335880436349e-04 +0.0000000000000000e+00

+8.6069431844202970e-01 +3.4785484513745302e-01 +3.1380397631581170e-04 +0.0000000000000000e+00
+8.6330009478207570e-01 +6.5214515486254598e-01 +2.2664851156007916e-04 +0.0000000000000000e+00
+8.6669990521792428e-01 +6.5214515486254598e-01 +1.4609646943840237e-04 +0.0000000000000000e+00
+8.6930568155797028e-01 +3.4785484513745302e-01 +1.0378669666083231e-04 +0.0000000000000000e+00

+8.7069431844202982e-01 +3.4785484513745302e-01 +8.2614943044554074e-05 +0.0000000000000000e+00
+8.7330009478207571e-01 +6.5214515486254598e-01 +5.9468732095846246e-05 +0.0000000000000000e+00
+8.7669990521792429e-01 +6.5214515486254598e-01 +3.8119867043815507e-05 +0.0000000000000000e+00
+8.7930568155797018e-01 +3.4785484513745302e-01 +2.6938733097215984e-05 +0.0000000000000000e+00

+8.8069431844202972e-01 +3.4785484513745302e-01 +2.1252431528324154e-05 +0.0000000000000000e+00
+8.8330009478207572e-01 +6.5214515486254598e-01 +1.5254686036515104e-05 +0.0000000000000000e+00
+8.8669990521792430e-01 +6.5214515486254598e-01 +9.7311357845849568e-06 +0.0000000000000000e+00
+8.8930568155797030e-01 +3.4785484513745302e-01 +6.8446901658325644e-06 +0.0000000000000000e+00

+8.9069431844202973e-01 +3.4785484513745302e-01 +5.3523843379943295e-06 +0.0000000000000000e+00
+8.9330009478207573e-01 +6.5214515486254598e-01 +3.8328033690449832e-06 +0.0000000000000000e+00
+8.9669990521792431e-01 +6.5214515486254598e-01 +2.4348153865827782e-06 +0.0000000000000000e+00
+8.9930568155797030e-01 +3.4785484513745302e-01 +1.7054243399801902e-06 +0.0000000000000000e+00

+9.0069431844202974e-01 +3.4785484513745302e-01 +1.3222961033034766e-06 +0.0000000000000000e+00
+9.0330009478207574e-01 +6.5214515486254598e-01 +9.4508978977467662e-07 +0.0000000000000000e+00
+9.0669990521792432e-01 +6.5214515486254598e-01 +5.9820448900994907e-07 +0.0000000000000000e+00
+9.0930568155797031e-01 +3.4785484513745302e-01 +4.1734263834444726e-07 +0.0000000000000000e+00

+9.1069431844202975e-01 +3.4785484513745302e-01 +3.2105863783349299e-07 +0.0000000000000000e+00
+9.1330009478207574e-01 +6.5214515486254598e-01 +2.2882324467499955e-07 +0.0000000000000000e+00
+9.1669990521792433e-01 +6.5214515486254598e-01 +1.4397972166755219e-07 +0.0000000000000000e+00
+9.1930568155797032e-01 +3.4785484513745302e-01 +9.9732357736155243e-08 +0.0000000000000000e+00

+9.2069431844202987e-01 +3.4785484513745302e-01 +7.6131610597734552e-08 +0.0000000000000000e+00
+9.2330009478207575e-01 +6.5214515486254598e-01 +5.3598522183169487e-08 +0.0000000000000000e+00
+9.2669990521792434e-01 +6.5214515486254598e-01 +3.2921784114468813e-08 +0.0000000000000000e+00
+9.2930568155797022e-01 +3.4785484513745302e-01 +2.2183162545691738e-08 +0.0000000000000000e+00

+9.3069431844202977e-01 +3.4785484513745302e-01 +1.6684649040772921e-08 +0.0000000000000000e+00
+9.3330009478207576e-01 +6.5214515486254598e-01 +1.1087171362993482e-08 +0.0000000000000000e+00
+9.3669990521792434e-01 +6.5214515486254598e-01 +6.0941117274275115e-09 +0.0000000000000000e+00
+9.3930568155797034e-01 +3.4785484513745302e-01 +3.6143985631568443e-09 +0.0000000000000000e+00

+9.4069431844202978e-01 +3.4785484513745302e-01 +2.5292272058708911e-09 +0.0000000000000000e+00
+9.4330009478207577e-01 +6.5214515486254598e-01 +1.2359069960649591e-09 +0.0000000000000000e+00
+9.4669990521792435e-01 +6.5214515486254598e-01 +2.4864361915518455e-10 +0.0000000000000000e+00
+9.4930568155797035e-01 +3.4785484513745302e-01 -1.1829615872071602e-10 +0.0000000000000000e+00

+9.5069431844202978e-01 +3.4785484513745302e-01 -2.2720875189371958e-10 +0.0000000000000000e+00
+9.5330009478207578e-01 +6.5214515486254598e-01 -2.9680171535983301e-10 +0.0000000000000000e+00
+9.5669990521792425e-01 +6.5214515486254598e-01 -2.3813593822085612e-10 +0.0000000000000000e+00
+9.5930568155797025e-01 +3.4785484513745302e-01 -1.3457580494548209e-10 +0.0000000000000000e+00

+9.6069431844202968e-01 +3.4785484513745302e-01 -8.3333423759610222e-11 +0.0000000000000000e+00
+9.6330009478207557e-01 +6.5214515486254598e-01 +3.1801958041820632e-11 +0.0000000000000000e+00
+9.6669990521792415e-01 +6.5214515486254598e-01 +1.4902321379223772e-10 +0.0000000000000000e+00
+9.6930568155797026e-01 +3.4785484513745302e-01 +2.0312129707843889e-10 +0.0000000000000000e+00

+9.7069431844202980e-01 +3.4785484513745302e-01 +1.9896946864984711e-10 +0.0000000000000000e+00
+9.7330009478207569e-01 +6.5214515486254598e-01 +2.0199198752059618e-10 +0.0000000000000000e+00
+9.7669990521792416e-01 +6.5214515486254598e-01 +1.7191708829022902e-10 +0.0000000000000000e+00
+9.7930568155797015e-01 +3.4785484513745302e-01 +1.3154034671319432e-10 +0.0000000000000000e+00

+9.8069431844202970e-01 +3.4785484513745302e-01 +1.0254480967282728e-10 +0.0000000000000000e+00
+9.8330009478207570e-01 +6.5214515486254598e-01 +5.4760044194773142e-11 +0.0000000000000000e+00
+9.8669990521792428e-01 +6.5214515486254598e-01 +4.5020536614655293e-13 +0.0000000000000000e+00
+9.8930568155797027e-01 +3.4785484513745302e-01 -2.9490033825893422e-11 +0.0000000000000000e+00

+9.9069431844202971e-01 +3.4785484513745302e-01 -3.5535071552174801e-11 +0.0000000000000000e+00
+9.9330009478207570e-01 +6.5214515486254598e-01 -4.8455605087744298e-11 +0.0000000000000000e+00
+9.9669990521792429e-01 +6.5214515486254598e-01 -5.1482889548549961e-11 +0.0000000000000000e+00
+9.9930568155797028e-01 +3.4785484513745302e-01 -4.5149602686538638e-11 +0.0000000000000000e+00


